   0.0000000e+00   3.3000000e+01   3.3000000e+01   0.0000000e+00
   1.0000000e-02   3.3000000e+01   3.0500000e+01   3.3000000e-01
   2.0000000e-02   3.2918779e+01   3.0015267e+01   6.5918779e-01
   3.0000000e-02   3.2832820e+01   2.9589749e+01   9.8751599e-01
   4.0000000e-02   3.2743752e+01   2.9203098e+01   1.3149535e+00
   5.0000000e-02   3.2652497e+01   2.8843785e+01   1.6414785e+00
   6.0000000e-02   3.2559633e+01   2.8504584e+01   1.9670748e+00
   7.0000000e-02   3.2465550e+01   2.8180630e+01   2.2917303e+00
   8.0000000e-02   3.2370522e+01   2.7868478e+01   2.6154355e+00
   9.0000000e-02   3.2274753e+01   2.7565584e+01   2.9381831e+00
   1.0000000e-01   3.2178399e+01   2.7270008e+01   3.2599671e+00
   1.1000000e-01   3.2081582e+01   2.6980230e+01   3.5807829e+00
   1.2000000e-01   3.1984398e+01   2.6695029e+01   3.9006268e+00
   1.3000000e-01   3.1886927e+01   2.6413407e+01   4.2194961e+00
   1.4000000e-01   3.1789237e+01   2.6134535e+01   4.5373885e+00
   1.5000000e-01   3.1691383e+01   2.5857707e+01   4.8543023e+00
   1.6000000e-01   3.1593414e+01   2.5582322e+01   5.1702365e+00
   1.7000000e-01   3.1495371e+01   2.5307856e+01   5.4851902e+00
   1.8000000e-01   3.1397292e+01   2.5033849e+01   5.7991631e+00
   1.9000000e-01   3.1299208e+01   2.4759894e+01   6.1121552e+00
   2.0000000e-01   3.1201150e+01   2.4815624e+01   6.4241667e+00
   2.1000000e-01   3.1103071e+01   2.5041607e+01   6.7351974e+00
   2.2000000e-01   3.1004998e+01   2.5267524e+01   7.0452474e+00
   2.3000000e-01   3.0907015e+01   2.5162316e+01   7.3543175e+00
   2.4000000e-01   3.0809020e+01   2.4887248e+01   7.6624077e+00
   2.5000000e-01   3.0710962e+01   2.4612973e+01   7.9695174e+00
   2.6000000e-01   3.0612878e+01   2.4339027e+01   8.2756461e+00
   2.7000000e-01   3.0514800e+01   2.4064998e+01   8.5807941e+00
   2.8000000e-01   3.0416759e+01   2.4120516e+01   8.8849617e+00
   2.9000000e-01   3.0318690e+01   2.4346379e+01   9.1881486e+00
   3.0000000e-01   3.0220609e+01   2.4572392e+01   9.4903547e+00
   3.1000000e-01   3.0122601e+01   2.4467487e+01   9.7915807e+00
   3.2000000e-01   3.0024584e+01   2.4192705e+01   1.0091827e+01
   3.3000000e-01   2.9926513e+01   2.3918583e+01   1.0391092e+01
   3.4000000e-01   2.9828428e+01   2.3644652e+01   1.0689376e+01
   3.5000000e-01   2.9730360e+01   2.3700496e+01   1.0986680e+01
   3.6000000e-01   2.9632277e+01   2.3926537e+01   1.1283002e+01
   3.7000000e-01   2.9534217e+01   2.4152292e+01   1.1578345e+01
   3.8000000e-01   2.9436277e+01   2.4046534e+01   1.1872707e+01
   3.9000000e-01   2.9338323e+01   2.3770957e+01   1.2166091e+01
   4.0000000e-01   2.9240285e+01   2.3496435e+01   1.2458493e+01
   4.1000000e-01   2.9142206e+01   2.3222427e+01   1.2749915e+01
   4.2000000e-01   2.9044123e+01   2.2948461e+01   1.3040357e+01
   4.3000000e-01   2.8946071e+01   2.3004114e+01   1.3329817e+01
   4.4000000e-01   2.8847994e+01   2.3230070e+01   1.3618297e+01
   4.5000000e-01   2.8749922e+01   2.3455979e+01   1.3905797e+01
   4.6000000e-01   2.8651952e+01   2.3350605e+01   1.4192316e+01
   4.7000000e-01   2.8553969e+01   2.3075393e+01   1.4477856e+01
   4.8000000e-01   2.8455913e+01   2.2801088e+01   1.4762415e+01
   4.9000000e-01   2.8357828e+01   2.2527145e+01   1.5045993e+01
   5.0000000e-01   2.8259753e+01   2.2253085e+01   1.5328591e+01
   5.1000000e-01   2.8161721e+01   2.2308482e+01   1.5610208e+01
   5.2000000e-01   2.8063657e+01   2.2534291e+01   1.5890844e+01
   5.3000000e-01   2.7965576e+01   2.2760306e+01   1.6170500e+01
   5.4000000e-01   2.7867578e+01   2.2655280e+01   1.6449176e+01
   5.5000000e-01   2.7769568e+01   2.2380396e+01   1.6726872e+01
   5.6000000e-01   2.7671499e+01   2.2106263e+01   1.7003587e+01
   5.7000000e-01   2.7573414e+01   2.1832331e+01   1.7279321e+01
   5.8000000e-01   2.7475351e+01   2.1888114e+01   1.7554074e+01
   5.9000000e-01   2.7377269e+01   2.2114141e+01   1.7827847e+01
   6.0000000e-01   2.7279210e+01   2.2339870e+01   1.8100639e+01
   6.1000000e-01   2.7181292e+01   2.2233853e+01   1.8372452e+01
   6.2000000e-01   2.7083356e+01   2.1958049e+01   1.8643286e+01
   6.3000000e-01   2.6985323e+01   2.1683465e+01   1.8913139e+01
   6.4000000e-01   2.6887243e+01   2.1409459e+01   1.9182011e+01
   6.5000000e-01   2.6789162e+01   2.1135475e+01   1.9449903e+01
   6.6000000e-01   2.6691118e+01   2.1191023e+01   1.9716814e+01
   6.7000000e-01   2.6593045e+01   2.1416940e+01   1.9982744e+01
   6.8000000e-01   2.6494973e+01   2.1642843e+01   2.0247694e+01
   6.9000000e-01   2.6397018e+01   2.1537274e+01   2.0511664e+01
   7.0000000e-01   2.6299049e+01   2.1261894e+01   2.0774655e+01
   7.1000000e-01   2.6200995e+01   2.0987557e+01   2.1036665e+01
   7.2000000e-01   2.6102911e+01   2.0713618e+01   2.1297694e+01
   7.3000000e-01   2.6004839e+01   2.0439513e+01   2.1557742e+01
   7.4000000e-01   2.5906820e+01   2.0494748e+01   2.1816811e+01
   7.5000000e-01   2.5808762e+01   2.0720480e+01   2.2074898e+01
   7.6000000e-01   2.5710680e+01   2.0946498e+01   2.2332005e+01
   7.7000000e-01   2.5612693e+01   2.0841334e+01   2.2588132e+01
   7.8000000e-01   2.5514693e+01   2.0566334e+01   2.2843279e+01
   7.9000000e-01   2.5416625e+01   2.0292193e+01   2.3097445e+01
   8.0000000e-01   2.5318540e+01   2.0018255e+01   2.3350630e+01
   8.1000000e-01   2.5220484e+01   2.0073953e+01   2.3602835e+01
   8.2000000e-01   2.5122403e+01   2.0299958e+01   2.3854059e+01
   8.3000000e-01   2.5024347e+01   2.0525661e+01   2.4104303e+01
   8.4000000e-01   2.4926453e+01   2.0419333e+01   2.4353567e+01
   8.5000000e-01   2.4828539e+01   2.0143258e+01   2.4601853e+01
   8.6000000e-01   2.4730512e+01   1.9868606e+01   2.4849158e+01
   8.7000000e-01   2.4632432e+01   1.9594605e+01   2.5095482e+01
   8.8000000e-01   2.4534353e+01   1.9320593e+01   2.5340826e+01
   8.9000000e-01   2.4436320e+01   1.9375995e+01   2.5585189e+01
   9.0000000e-01   2.4338252e+01   1.9601853e+01   2.5828571e+01
   9.1000000e-01   2.4240180e+01   1.9827754e+01   2.6070973e+01
   9.2000000e-01   2.4142244e+01   1.9721954e+01   2.6312396e+01
   9.3000000e-01   2.4044290e+01   1.9446376e+01   2.6552839e+01
   9.4000000e-01   2.3946239e+01   1.9172010e+01   2.6792301e+01
   9.5000000e-01   2.3848154e+01   1.8898076e+01   2.7030782e+01
   9.6000000e-01   2.3750088e+01   1.8623903e+01   2.7268283e+01
   9.7000000e-01   2.3652087e+01   1.8678912e+01   2.7504804e+01
   9.8000000e-01   2.3554037e+01   1.8904532e+01   2.7740345e+01
   9.9000000e-01   2.3455955e+01   1.9130558e+01   2.7974904e+01
   1.0000000e+00   2.3357981e+01   1.9025234e+01   2.8208484e+01
   1.0100000e+00   2.3259992e+01   1.8750103e+01   2.8441084e+01
   1.0200000e+00   2.3161923e+01   1.8475958e+01   2.8672703e+01
   1.0300000e+00   2.3063839e+01   1.8202010e+01   2.8903341e+01
   1.0400000e+00   2.2965793e+01   1.8257581e+01   2.9132999e+01
   1.0500000e+00   2.2867716e+01   1.8483549e+01   2.9361677e+01
   1.0600000e+00   2.2769662e+01   1.8709230e+01   2.9589373e+01
   1.0700000e+00   2.2671798e+01   1.8602525e+01   2.9816091e+01
   1.0800000e+00   2.2573910e+01   1.8326125e+01   3.0041830e+01
   1.0900000e+00   2.2475888e+01   1.8051403e+01   3.0266589e+01
   1.1000000e+00   2.2377807e+01   1.7777411e+01   3.0490367e+01
   1.1100000e+00   2.2279732e+01   1.7503353e+01   3.0713165e+01
   1.1200000e+00   2.2181717e+01   1.7558543e+01   3.0934982e+01
   1.1300000e+00   2.2083655e+01   1.7784312e+01   3.1155818e+01
   1.1400000e+00   2.1985583e+01   1.8010217e+01   3.1375674e+01
   1.1500000e+00   2.1887669e+01   1.7904143e+01   3.1594551e+01
   1.1600000e+00   2.1789733e+01   1.7628335e+01   3.1812448e+01
   1.1700000e+00   2.1691684e+01   1.7353945e+01   3.2029365e+01
   1.1800000e+00   2.1593599e+01   1.7080014e+01   3.2245301e+01
   1.1900000e+00   2.1495541e+01   1.6805737e+01   3.2460256e+01
   1.2000000e+00   2.1397566e+01   1.6860421e+01   3.2674232e+01
   1.2100000e+00   2.1299530e+01   1.7085872e+01   3.2887227e+01
   1.2200000e+00   2.1201447e+01   1.7311910e+01   3.3099242e+01
   1.2300000e+00   2.1103488e+01   1.7206405e+01   3.3310277e+01
   1.2400000e+00   2.1005510e+01   1.6931128e+01   3.3520332e+01
   1.2500000e+00   2.0907441e+01   1.6656989e+01   3.3729406e+01
   1.2600000e+00   2.0809359e+01   1.6383018e+01   3.3937500e+01
   1.2700000e+00   2.0711328e+01   1.6438399e+01   3.4144613e+01
   1.2800000e+00   2.0613256e+01   1.6664302e+01   3.4350746e+01
   1.2900000e+00   2.0515202e+01   1.6889970e+01   3.4555898e+01
   1.3000000e+00   2.0417376e+01   1.6782805e+01   3.4760071e+01
   1.3100000e+00   2.0319519e+01   1.6506015e+01   3.4963267e+01
   1.3200000e+00   2.0221502e+01   1.6231224e+01   3.5165482e+01
   1.3300000e+00   2.0123420e+01   1.5957248e+01   3.5366716e+01
   1.3400000e+00   2.0025351e+01   1.5683109e+01   3.5566969e+01
   1.3500000e+00   1.9927361e+01   1.5737984e+01   3.5766243e+01
   1.3600000e+00   1.9829311e+01   1.5963606e+01   3.5964536e+01
   1.3700000e+00   1.9731238e+01   1.6189527e+01   3.6161848e+01
   1.3800000e+00   1.9633350e+01   1.6083130e+01   3.6358182e+01
   1.3900000e+00   1.9535435e+01   1.5807058e+01   3.6553536e+01
   1.4000000e+00   1.9437388e+01   1.5532654e+01   3.6747910e+01
   1.4100000e+00   1.9339302e+01   1.5258723e+01   3.6941303e+01
   1.4200000e+00   1.9241258e+01   1.5314276e+01   3.7133716e+01
   1.4300000e+00   1.9143178e+01   1.5540280e+01   3.7325148e+01
   1.4400000e+00   1.9045155e+01   1.5765562e+01   3.7515599e+01
   1.4500000e+00   1.8947448e+01   1.5656895e+01   3.7705074e+01
   1.4600000e+00   1.8849700e+01   1.5378753e+01   3.7893571e+01
   1.4700000e+00   1.8751730e+01   1.5103380e+01   3.8081088e+01
   1.4800000e+00   1.8653658e+01   1.4829278e+01   3.8267624e+01
   1.4900000e+00   1.8555580e+01   1.4555245e+01   3.8453180e+01
   1.5000000e+00   1.8457577e+01   1.4610286e+01   3.8637756e+01
   1.5100000e+00   1.8359516e+01   1.4836053e+01   3.8821351e+01
   1.5200000e+00   1.8261460e+01   1.5061752e+01   3.9003966e+01
   1.5300000e+00   1.8163670e+01   1.4954127e+01   3.9185602e+01
   1.5400000e+00   1.8065843e+01   1.4676960e+01   3.9366261e+01
   1.5500000e+00   1.7967828e+01   1.4402156e+01   3.9545939e+01
   1.5600000e+00   1.7869743e+01   1.4128208e+01   3.9724637e+01
   1.5700000e+00   1.7771688e+01   1.3853903e+01   3.9902353e+01
   1.5800000e+00   1.7673741e+01   1.3908235e+01   4.0079091e+01
   1.5900000e+00   1.7575714e+01   1.4133578e+01   4.0254848e+01
   1.6000000e+00   1.7477636e+01   1.4359544e+01   4.0429624e+01
   1.6100000e+00   1.7379771e+01   1.4252861e+01   4.0603422e+01
   1.6200000e+00   1.7281874e+01   1.3976569e+01   4.0776241e+01
   1.6300000e+00   1.7183824e+01   1.3702206e+01   4.0948079e+01
   1.6400000e+00   1.7085740e+01   1.3428252e+01   4.1118936e+01
   1.6500000e+00   1.6987722e+01   1.3483480e+01   4.1288814e+01
   1.6600000e+00   1.6889649e+01   1.3709385e+01   4.1457710e+01
   1.6700000e+00   1.6791626e+01   1.3934680e+01   4.1625626e+01
   1.6800000e+00   1.6693983e+01   1.3825211e+01   4.1792566e+01
   1.6900000e+00   1.6596287e+01   1.3546410e+01   4.1958529e+01
   1.7000000e+00   1.6498323e+01   1.3270966e+01   4.2123512e+01
   1.7100000e+00   1.6400246e+01   1.2996922e+01   4.2287515e+01
   1.7200000e+00   1.6302180e+01   1.2722753e+01   4.2450537e+01
   1.7300000e+00   1.6204222e+01   1.2777226e+01   4.2612579e+01
   1.7400000e+00   1.6106181e+01   1.3002732e+01   4.2773641e+01
   1.7500000e+00   1.6008120e+01   1.3228498e+01   4.2933722e+01
   1.7600000e+00   1.5910372e+01   1.3120346e+01   4.3092826e+01
   1.7700000e+00   1.5812579e+01   1.2842766e+01   4.3250951e+01
   1.7800000e+00   1.5714560e+01   1.2567994e+01   4.3408097e+01
   1.7900000e+00   1.5616475e+01   1.2294065e+01   4.3564262e+01
   1.8000000e+00   1.5518445e+01   1.2349441e+01   4.3719446e+01
   1.8100000e+00   1.5420365e+01   1.2575440e+01   4.3873650e+01
   1.8200000e+00   1.5322389e+01   1.2800133e+01   4.4026874e+01
   1.8300000e+00   1.5224950e+01   1.2688127e+01   4.4179123e+01
   1.8400000e+00   1.5127431e+01   1.2407112e+01   4.4330398e+01
   1.8500000e+00   1.5029536e+01   1.2130798e+01   4.4480693e+01
   1.8600000e+00   1.4931474e+01   1.1856578e+01   4.4630008e+01
   1.8700000e+00   1.4833400e+01   1.1582501e+01   4.4778342e+01
   1.8800000e+00   1.4735437e+01   1.1637037e+01   4.4925696e+01
   1.8900000e+00   1.4637387e+01   1.1862657e+01   4.5072070e+01
   1.9000000e+00   1.4539351e+01   1.2088111e+01   4.5217463e+01
   1.9100000e+00   1.4441761e+01   1.1977990e+01   4.5361881e+01
   1.9200000e+00   1.4344103e+01   1.1698707e+01   4.5505322e+01
   1.9300000e+00   1.4246129e+01   1.1423386e+01   4.5647783e+01
   1.9400000e+00   1.4148045e+01   1.1149432e+01   4.5789264e+01
   1.9500000e+00   1.4050009e+01   1.0874892e+01   4.5929764e+01
   1.9600000e+00   1.3952142e+01   1.0928229e+01   4.6069285e+01
   1.9700000e+00   1.3854151e+01   1.1153117e+01   4.6207827e+01
   1.9800000e+00   1.3756077e+01   1.1379039e+01   4.6345388e+01
   1.9900000e+00   1.3658353e+01   1.1270590e+01   4.6481971e+01
   2.0000000e+00   1.3560573e+01   1.0992837e+01   4.6617577e+01
   2.0100000e+00   1.3462539e+01   1.0718266e+01   4.6752202e+01
   2.0200000e+00   1.3364458e+01   1.0444278e+01   4.6885847e+01
   2.0300000e+00   1.3266487e+01   1.0498913e+01   4.7018512e+01
   2.0400000e+00   1.3168427e+01   1.0724668e+01   4.7150196e+01
   2.0500000e+00   1.3070436e+01   1.0949551e+01   4.7280900e+01
   2.0600000e+00   1.2973097e+01   1.0836287e+01   4.7410631e+01
   2.0700000e+00   1.2875653e+01   1.0554332e+01   4.7539388e+01
   2.0800000e+00   1.2777749e+01   1.0278131e+01   4.7667165e+01
   2.0900000e+00   1.2679673e+01   1.0004088e+01   4.7793962e+01
   2.1000000e+00   1.2581629e+01   9.7296391e+00   4.7919778e+01
   2.1100000e+00   1.2483773e+01   9.7828383e+00   4.8044616e+01
   2.1200000e+00   1.2385778e+01   1.0007778e+01   4.8168474e+01
   2.1300000e+00   1.2287721e+01   1.0233484e+01   4.8291351e+01
   2.1400000e+00   1.2190182e+01   1.0122728e+01   4.8413253e+01
   2.1500000e+00   1.2092557e+01   9.8430367e+00   4.8534178e+01
   2.1600000e+00   1.1994560e+01   9.5679942e+00   4.8654124e+01
   2.1700000e+00   1.1896476e+01   9.2940461e+00   4.8773089e+01
   2.1800000e+00   1.1798509e+01   9.3486435e+00   4.8891074e+01
   2.1900000e+00   1.1700443e+01   9.5744661e+00   4.9008078e+01
   2.2000000e+00   1.1602513e+01   9.7985932e+00   4.9124103e+01
   2.2100000e+00   1.1505519e+01   9.6810176e+00   4.9239159e+01
   2.2200000e+00   1.1408357e+01   9.3955397e+00   4.9353242e+01
   2.2300000e+00   1.1310537e+01   9.1182928e+00   4.9466348e+01
   2.2400000e+00   1.1212469e+01   8.8441434e+00   4.9578472e+01
   2.2500000e+00   1.1114426e+01   8.5696752e+00   4.9689616e+01
   2.2600000e+00   1.1016608e+01   8.6224018e+00   4.9799783e+01
   2.2700000e+00   1.0918623e+01   8.8472079e+00   4.9908969e+01
   2.2800000e+00   1.0820586e+01   9.0726797e+00   5.0017175e+01
   2.2900000e+00   1.0723280e+01   8.9590012e+00   5.0124407e+01
   2.3000000e+00   1.0625844e+01   8.6769525e+00   5.0230666e+01
   2.3100000e+00   1.0527885e+01   8.4014385e+00   5.0335945e+01
   2.3200000e+00   1.0429800e+01   8.1274960e+00   5.0440243e+01
   2.3300000e+00   1.0331858e+01   8.1817802e+00   5.0543561e+01
   2.3400000e+00   1.0233794e+01   8.4075715e+00   5.0645899e+01
   2.3500000e+00   1.0135928e+01   8.6309001e+00   5.0747259e+01
   2.3600000e+00   1.0039382e+01   8.5077202e+00   5.0847652e+01
   2.3700000e+00   9.9425629e+00   8.2179641e+00   5.0947078e+01
   2.3800000e+00   9.9425629e+00   8.2179641e+00   5.0947078e+01
   2.3900000e+00   9.9425629e+00   8.2179641e+00   5.0947078e+01
   2.4000000e+00   9.9425629e+00   8.2179641e+00   5.0947078e+01
   2.4100000e+00   9.9425629e+00   8.2179641e+00   5.0947078e+01
   2.4200000e+00   9.9425629e+00   8.2179641e+00   5.0947078e+01
   2.4300000e+00   9.9425629e+00   8.2179641e+00   5.0947078e+01
   2.4400000e+00   9.9425629e+00   8.2179641e+00   5.0947078e+01
   2.4500000e+00   9.9425629e+00   8.2179641e+00   5.0947078e+01
   2.4600000e+00   9.9425629e+00   8.2179641e+00   5.0947078e+01
   2.4700000e+00   9.9425629e+00   8.2179641e+00   5.0947078e+01
   2.4800000e+00   9.9425629e+00   8.2179641e+00   5.0947078e+01
   2.4900000e+00   9.9425629e+00   8.2179641e+00   5.0947078e+01
   2.5000000e+00   9.9425629e+00   8.2179641e+00   5.0947078e+01
   2.5100000e+00   9.9425629e+00   8.2179641e+00   5.0947078e+01
   2.5200000e+00   9.9425629e+00   8.2179641e+00   5.0947078e+01
   2.5300000e+00   9.9425629e+00   8.2179641e+00   5.0947078e+01
   2.5400000e+00   9.9425629e+00   8.2179641e+00   5.0947078e+01
   2.5500000e+00   9.9425629e+00   8.2179641e+00   5.0947078e+01
   2.5600000e+00   9.9425629e+00   8.2179641e+00   5.0947078e+01
   2.5700000e+00   9.9425629e+00   8.2179641e+00   5.0947078e+01
   2.5800000e+00   9.9425629e+00   8.2179641e+00   5.0947078e+01
   2.5900000e+00   9.9425629e+00   8.2179641e+00   5.0947078e+01
   2.6000000e+00   9.9425629e+00   8.2179641e+00   5.0947078e+01
   2.6100000e+00   9.9425629e+00   8.2179641e+00   5.0947078e+01
   2.6200000e+00   9.9425629e+00   8.2179641e+00   5.0947078e+01
   2.6300000e+00   9.9425629e+00   8.2179641e+00   5.0947078e+01
   2.6400000e+00   9.9425629e+00   8.2179641e+00   5.0947078e+01
   2.6500000e+00   9.9425629e+00   8.2179641e+00   5.0947078e+01
   2.6600000e+00   9.9425629e+00   8.2179641e+00   5.0947078e+01
   2.6700000e+00   9.9425629e+00   8.2179641e+00   5.0947078e+01
   2.6800000e+00   9.9425629e+00   8.2179641e+00   5.0947078e+01
   2.6900000e+00   9.9425629e+00   8.2179641e+00   5.0947078e+01
   2.7000000e+00   9.9425629e+00   8.2179641e+00   5.0947078e+01
   2.7100000e+00   9.9425629e+00   8.2179641e+00   5.0947078e+01
   2.7200000e+00   9.9425629e+00   8.2179641e+00   5.0947078e+01
   2.7300000e+00   9.9425629e+00   8.2179641e+00   5.0947078e+01
   2.7400000e+00   9.9425629e+00   8.2179641e+00   5.0947078e+01
   2.7500000e+00   9.9425629e+00   8.2179641e+00   5.0947078e+01
   2.7600000e+00   9.9425629e+00   8.2179641e+00   5.0947078e+01
   2.7700000e+00   9.9425629e+00   8.2179641e+00   5.0947078e+01
   2.7800000e+00   9.9425629e+00   8.2179641e+00   5.0947078e+01
   2.7900000e+00   9.9425629e+00   8.2179641e+00   5.0947078e+01
   2.8000000e+00   9.9425629e+00   8.2179641e+00   5.0947078e+01
   2.8100000e+00   9.9425629e+00   8.2179641e+00   5.0947078e+01
   2.8200000e+00   9.9425629e+00   8.2179641e+00   5.0947078e+01
   2.8300000e+00   9.9425629e+00   8.2179641e+00   5.0947078e+01
   2.8400000e+00   9.9425629e+00   8.2179641e+00   5.0947078e+01
   2.8500000e+00   9.9425629e+00   8.2179641e+00   5.0947078e+01
   2.8600000e+00   9.9425629e+00   8.2179641e+00   5.0947078e+01
   2.8700000e+00   9.9425629e+00   8.2179641e+00   5.0947078e+01
   2.8800000e+00   9.9425629e+00   8.2179641e+00   5.0947078e+01
   2.8900000e+00   9.9425629e+00   8.2179641e+00   5.0947078e+01
   2.9000000e+00   9.9425629e+00   8.2179641e+00   5.0947078e+01
   2.9100000e+00   9.9425629e+00   8.2179641e+00   5.0947078e+01
   2.9200000e+00   9.9425629e+00   8.2179641e+00   5.0947078e+01
   2.9300000e+00   9.9425629e+00   8.2179641e+00   5.0947078e+01
   2.9400000e+00   9.9425629e+00   8.2179641e+00   5.0947078e+01
   2.9500000e+00   9.9425629e+00   8.2179641e+00   5.0947078e+01
   2.9600000e+00   9.9425629e+00   8.2179641e+00   5.0947078e+01
   2.9700000e+00   9.9425629e+00   8.2179641e+00   5.0947078e+01
   2.9800000e+00   9.9425629e+00   8.2179641e+00   5.0947078e+01
   2.9900000e+00   9.9425629e+00   8.2179641e+00   5.0947078e+01
   3.0000000e+00   9.9425629e+00   8.2179641e+00   5.0947078e+01
   3.0100000e+00   9.9425629e+00   8.2179641e+00   5.0947078e+01
   3.0200000e+00   9.9425629e+00   8.2179641e+00   5.0947078e+01
   3.0300000e+00   9.9425629e+00   8.2179641e+00   5.0947078e+01
   3.0400000e+00   9.9425629e+00   8.2179641e+00   5.0947078e+01
   3.0500000e+00   9.9425629e+00   8.2179641e+00   5.0947078e+01
   3.0600000e+00   9.9425629e+00   8.2179641e+00   5.0947078e+01
   3.0700000e+00   9.9425629e+00   8.2179641e+00   5.0947078e+01
   3.0800000e+00   9.9425629e+00   8.2179641e+00   5.0947078e+01
   3.0900000e+00   9.9425629e+00   8.2179641e+00   5.0947078e+01
   3.1000000e+00   9.9425629e+00   8.2179641e+00   5.0947078e+01
   3.1100000e+00   9.9425629e+00   8.2179641e+00   5.0947078e+01
   3.1200000e+00   9.9425629e+00   8.2179641e+00   5.0947078e+01
   3.1300000e+00   9.9425629e+00   8.2179641e+00   5.0947078e+01
   3.1400000e+00   9.9425629e+00   8.2179641e+00   5.0947078e+01
   3.1500000e+00   9.9425629e+00   8.2179641e+00   5.0947078e+01
   3.1600000e+00   9.9425629e+00   8.2179641e+00   5.0947078e+01
   3.1700000e+00   9.9425629e+00   8.2179641e+00   5.0947078e+01
   3.1800000e+00   9.9425629e+00   8.2179641e+00   5.0947078e+01
   3.1900000e+00   9.9425629e+00   8.2179641e+00   5.0947078e+01
   3.2000000e+00   9.9425629e+00   8.2179641e+00   5.0947078e+01
   3.2100000e+00   9.9425629e+00   8.2179641e+00   5.0947078e+01
   3.2200000e+00   9.9425629e+00   8.2179641e+00   5.0947078e+01
   3.2300000e+00   9.9425629e+00   8.2179641e+00   5.0947078e+01
   3.2400000e+00   9.9425629e+00   8.2179641e+00   5.0947078e+01
   3.2500000e+00   9.9425629e+00   8.2179641e+00   5.0947078e+01
   3.2600000e+00   9.9425629e+00   8.2179641e+00   5.0947078e+01
   3.2700000e+00   9.9425629e+00   8.2179641e+00   5.0947078e+01
   3.2800000e+00   9.9425629e+00   8.2179641e+00   5.0947078e+01
   3.2900000e+00   9.9425629e+00   8.2179641e+00   5.0947078e+01
   3.3000000e+00   9.9425629e+00   8.2179641e+00   5.0947078e+01
   3.3100000e+00   9.9425629e+00   8.2179641e+00   5.0947078e+01
   3.3200000e+00   9.9425629e+00   8.2179641e+00   5.0947078e+01
   3.3300000e+00   9.9425629e+00   8.2179641e+00   5.0947078e+01
   3.3400000e+00   9.9425629e+00   8.2179641e+00   5.0947078e+01
   3.3500000e+00   9.9425629e+00   8.2179641e+00   5.0947078e+01
   3.3600000e+00   9.9425629e+00   8.2179641e+00   5.0947078e+01
   3.3700000e+00   9.9425629e+00   8.2179641e+00   5.0947078e+01
   3.3800000e+00   9.9425629e+00   8.2179641e+00   5.0947078e+01
   3.3900000e+00   9.9425629e+00   8.2179641e+00   5.0947078e+01
   3.4000000e+00   9.9425629e+00   8.2179641e+00   5.0947078e+01
   3.4100000e+00   9.9425629e+00   8.2179641e+00   5.0947078e+01
   3.4200000e+00   9.9425629e+00   8.2179641e+00   5.0947078e+01
   3.4300000e+00   9.9425629e+00   8.2179641e+00   5.0947078e+01
   3.4400000e+00   9.9425629e+00   8.2179641e+00   5.0947078e+01
   3.4500000e+00   9.9425629e+00   8.2179641e+00   5.0947078e+01
   3.4600000e+00   9.9425629e+00   8.2179641e+00   5.0947078e+01
   3.4700000e+00   9.9425629e+00   8.2179641e+00   5.0947078e+01
   3.4800000e+00   9.9425629e+00   8.2179641e+00   5.0947078e+01
   3.4900000e+00   9.9425629e+00   8.2179641e+00   5.0947078e+01
   3.5000000e+00   9.9425629e+00   8.2179641e+00   5.0947078e+01
   3.5100000e+00   9.9425629e+00   8.2179641e+00   5.0947078e+01
   3.5200000e+00   9.9425629e+00   8.2179641e+00   5.0947078e+01
   3.5300000e+00   9.9425629e+00   8.2179641e+00   5.0947078e+01
   3.5400000e+00   9.9425629e+00   8.2179641e+00   5.0947078e+01
   3.5500000e+00   9.9425629e+00   8.2179641e+00   5.0947078e+01
   3.5600000e+00   9.9425629e+00   8.2179641e+00   5.0947078e+01
   3.5700000e+00   9.9425629e+00   8.2179641e+00   5.0947078e+01
   3.5800000e+00   9.9425629e+00   8.2179641e+00   5.0947078e+01
   3.5900000e+00   9.9425629e+00   8.2179641e+00   5.0947078e+01
   3.6000000e+00   9.9425629e+00   8.2179641e+00   5.0947078e+01
   3.6100000e+00   9.9425629e+00   8.2179641e+00   5.0947078e+01
   3.6200000e+00   9.9425629e+00   8.2179641e+00   5.0947078e+01
   3.6300000e+00   9.9425629e+00   8.2179641e+00   5.0947078e+01
   3.6400000e+00   9.9425629e+00   8.2179641e+00   5.0947078e+01
   3.6500000e+00   9.9425629e+00   8.2179641e+00   5.0947078e+01
   3.6600000e+00   9.9425629e+00   8.2179641e+00   5.0947078e+01
   3.6700000e+00   9.9425629e+00   8.2179641e+00   5.0947078e+01
   3.6800000e+00   9.9425629e+00   8.2179641e+00   5.0947078e+01
   3.6900000e+00   9.9425629e+00   8.2179641e+00   5.0947078e+01
   3.7000000e+00   9.9425629e+00   8.2179641e+00   5.0947078e+01
   3.7100000e+00   9.9425629e+00   8.2179641e+00   5.0947078e+01
   3.7200000e+00   9.9425629e+00   8.2179641e+00   5.0947078e+01
   3.7300000e+00   9.9425629e+00   8.2179641e+00   5.0947078e+01
   3.7400000e+00   9.9425629e+00   8.2179641e+00   5.0947078e+01
   3.7500000e+00   9.9425629e+00   8.2179641e+00   5.0947078e+01
   3.7600000e+00   9.9425629e+00   8.2179641e+00   5.0947078e+01
   3.7700000e+00   9.9425629e+00   8.2179641e+00   5.0947078e+01
   3.7800000e+00   9.9425629e+00   8.2179641e+00   5.0947078e+01
   3.7900000e+00   9.9425629e+00   8.2179641e+00   5.0947078e+01
   3.8000000e+00   9.9425629e+00   8.2179641e+00   5.0947078e+01
   3.8100000e+00   9.9425629e+00   8.2179641e+00   5.0947078e+01
   3.8200000e+00   9.9425629e+00   8.2179641e+00   5.0947078e+01
   3.8300000e+00   9.9425629e+00   8.2179641e+00   5.0947078e+01
   3.8400000e+00   9.9425629e+00   8.2179641e+00   5.0947078e+01
   3.8500000e+00   9.9425629e+00   8.2179641e+00   5.0947078e+01
   3.8600000e+00   9.9425629e+00   8.2179641e+00   5.0947078e+01
   3.8700000e+00   9.9425629e+00   8.2179641e+00   5.0947078e+01
   3.8800000e+00   9.9425629e+00   8.2179641e+00   5.0947078e+01
   3.8900000e+00   9.9425629e+00   8.2179641e+00   5.0947078e+01
   3.9000000e+00   9.9425629e+00   8.2179641e+00   5.0947078e+01
   3.9100000e+00   9.9425629e+00   8.2179641e+00   5.0947078e+01
   3.9200000e+00   9.9425629e+00   8.2179641e+00   5.0947078e+01
   3.9300000e+00   9.9425629e+00   8.2179641e+00   5.0947078e+01
   3.9400000e+00   9.9425629e+00   8.2179641e+00   5.0947078e+01
   3.9500000e+00   9.9425629e+00   8.2179641e+00   5.0947078e+01
   3.9600000e+00   9.9425629e+00   8.2179641e+00   5.0947078e+01
   3.9700000e+00   9.9425629e+00   8.2179641e+00   5.0947078e+01
   3.9800000e+00   9.9425629e+00   8.2179641e+00   5.0947078e+01
   3.9900000e+00   9.9425629e+00   8.2179641e+00   5.0947078e+01
   4.0000000e+00   9.9425629e+00   8.2179641e+00   5.0947078e+01
   4.0100000e+00   9.9425629e+00   8.2179641e+00   5.0947078e+01
   4.0200000e+00   9.9425629e+00   8.2179641e+00   5.0947078e+01
   4.0300000e+00   9.9425629e+00   8.2179641e+00   5.0947078e+01
   4.0400000e+00   9.9425629e+00   8.2179641e+00   5.0947078e+01
   4.0500000e+00   9.9425629e+00   8.2179641e+00   5.0947078e+01
   4.0600000e+00   9.9425629e+00   8.2179641e+00   5.0947078e+01
   4.0700000e+00   9.9425629e+00   8.2179641e+00   5.0947078e+01
   4.0800000e+00   9.9425629e+00   8.2179641e+00   5.0947078e+01
   4.0900000e+00   9.9425629e+00   8.2179641e+00   5.0947078e+01
   4.1000000e+00   9.9425629e+00   8.2179641e+00   5.0947078e+01
   4.1100000e+00   9.9425629e+00   8.2179641e+00   5.0947078e+01
   4.1200000e+00   9.9425629e+00   8.2179641e+00   5.0947078e+01
   4.1300000e+00   9.9425629e+00   8.2179641e+00   5.0947078e+01
   4.1400000e+00   9.9425629e+00   8.2179641e+00   5.0947078e+01
   4.1500000e+00   9.9425629e+00   8.2179641e+00   5.0947078e+01
   4.1600000e+00   9.9425629e+00   8.2179641e+00   5.0947078e+01
   4.1700000e+00   9.9425629e+00   8.2179641e+00   5.0947078e+01
   4.1800000e+00   9.9425629e+00   8.2179641e+00   5.0947078e+01
   4.1900000e+00   9.9425629e+00   8.2179641e+00   5.0947078e+01
   4.2000000e+00   9.9425629e+00   8.2179641e+00   5.0947078e+01
   4.2100000e+00   9.9425629e+00   8.2179641e+00   5.0947078e+01
   4.2200000e+00   9.9425629e+00   8.2179641e+00   5.0947078e+01
   4.2300000e+00   9.9425629e+00   8.2179641e+00   5.0947078e+01
   4.2400000e+00   9.9425629e+00   8.2179641e+00   5.0947078e+01
   4.2500000e+00   9.9425629e+00   8.2179641e+00   5.0947078e+01
   4.2600000e+00   9.9425629e+00   8.2179641e+00   5.0947078e+01
   4.2700000e+00   9.9425629e+00   8.2179641e+00   5.0947078e+01
   4.2800000e+00   9.9425629e+00   8.2179641e+00   5.0947078e+01
   4.2900000e+00   9.9425629e+00   8.2179641e+00   5.0947078e+01
   4.3000000e+00   9.9425629e+00   8.2179641e+00   5.0947078e+01
   4.3100000e+00   9.9425629e+00   8.2179641e+00   5.0947078e+01
   4.3200000e+00   9.9425629e+00   8.2179641e+00   5.0947078e+01
   4.3300000e+00   9.9425629e+00   8.2179641e+00   5.0947078e+01
   4.3400000e+00   9.9425629e+00   8.2179641e+00   5.0947078e+01
   4.3500000e+00   9.9425629e+00   8.2179641e+00   5.0947078e+01
   4.3600000e+00   9.9425629e+00   8.2179641e+00   5.0947078e+01
   4.3700000e+00   9.9425629e+00   8.2179641e+00   5.0947078e+01
   4.3800000e+00   9.9425629e+00   8.2179641e+00   5.0947078e+01
   4.3900000e+00   9.9425629e+00   8.2179641e+00   5.0947078e+01
   4.4000000e+00   9.9425629e+00   8.2179641e+00   5.0947078e+01
   4.4100000e+00   9.9425629e+00   8.2179641e+00   5.0947078e+01
   4.4200000e+00   9.9425629e+00   8.2179641e+00   5.0947078e+01
   4.4300000e+00   9.9425629e+00   8.2179641e+00   5.0947078e+01
   4.4400000e+00   9.9425629e+00   8.2179641e+00   5.0947078e+01
   4.4500000e+00   9.9425629e+00   8.2179641e+00   5.0947078e+01
   4.4600000e+00   9.9425629e+00   8.2179641e+00   5.0947078e+01
   4.4700000e+00   9.9425629e+00   8.2179641e+00   5.0947078e+01
   4.4800000e+00   9.9425629e+00   8.2179641e+00   5.0947078e+01
   4.4900000e+00   9.9425629e+00   8.2179641e+00   5.0947078e+01
   4.5000000e+00   9.9425629e+00   8.2179641e+00   5.0947078e+01
   4.5100000e+00   9.9425629e+00   8.2179641e+00   5.0947078e+01
   4.5200000e+00   9.9425629e+00   8.2179641e+00   5.0947078e+01
   4.5300000e+00   9.9425629e+00   8.2179641e+00   5.0947078e+01
   4.5400000e+00   9.9425629e+00   8.2179641e+00   5.0947078e+01
   4.5500000e+00   9.9425629e+00   8.2179641e+00   5.0947078e+01
   4.5600000e+00   9.9425629e+00   8.2179641e+00   5.0947078e+01
   4.5700000e+00   9.9425629e+00   8.2179641e+00   5.0947078e+01
   4.5800000e+00   9.9425629e+00   8.2179641e+00   5.0947078e+01
   4.5900000e+00   9.9425629e+00   8.2179641e+00   5.0947078e+01
   4.6000000e+00   9.9425629e+00   8.2179641e+00   5.0947078e+01
   4.6100000e+00   9.9425629e+00   8.2179641e+00   5.0947078e+01
   4.6200000e+00   9.9425629e+00   8.2179641e+00   5.0947078e+01
   4.6300000e+00   9.9425629e+00   8.2179641e+00   5.0947078e+01
   4.6400000e+00   9.9425629e+00   8.2179641e+00   5.0947078e+01
   4.6500000e+00   9.9425629e+00   8.2179641e+00   5.0947078e+01
   4.6600000e+00   9.9425629e+00   8.2179641e+00   5.0947078e+01
   4.6700000e+00   9.9425629e+00   8.2179641e+00   5.0947078e+01
   4.6800000e+00   9.9425629e+00   8.2179641e+00   5.0947078e+01
   4.6900000e+00   9.9425629e+00   8.2179641e+00   5.0947078e+01
   4.7000000e+00   9.9425629e+00   8.2179641e+00   5.0947078e+01
   4.7100000e+00   9.9425629e+00   8.2179641e+00   5.0947078e+01
   4.7200000e+00   9.9425629e+00   8.2179641e+00   5.0947078e+01
   4.7300000e+00   9.9425629e+00   8.2179641e+00   5.0947078e+01
   4.7400000e+00   9.9425629e+00   8.2179641e+00   5.0947078e+01
   4.7500000e+00   9.9425629e+00   8.2179641e+00   5.0947078e+01
   4.7600000e+00   9.9425629e+00   8.2179641e+00   5.0947078e+01
   4.7700000e+00   9.9425629e+00   8.2179641e+00   5.0947078e+01
   4.7800000e+00   9.9425629e+00   8.2179641e+00   5.0947078e+01
   4.7900000e+00   9.9425629e+00   8.2179641e+00   5.0947078e+01
   4.8000000e+00   9.9425629e+00   8.2179641e+00   5.0947078e+01
   4.8100000e+00   9.9425629e+00   8.2179641e+00   5.0947078e+01
   4.8200000e+00   9.9425629e+00   8.2179641e+00   5.0947078e+01
   4.8300000e+00   9.9425629e+00   8.2179641e+00   5.0947078e+01
   4.8400000e+00   9.9425629e+00   8.2179641e+00   5.0947078e+01
   4.8500000e+00   9.9425629e+00   8.2179641e+00   5.0947078e+01
   4.8600000e+00   9.9425629e+00   8.2179641e+00   5.0947078e+01
   4.8700000e+00   9.9425629e+00   8.2179641e+00   5.0947078e+01
   4.8800000e+00   9.9425629e+00   8.2179641e+00   5.0947078e+01
   4.8900000e+00   9.9425629e+00   8.2179641e+00   5.0947078e+01
   4.9000000e+00   9.9425629e+00   8.2179641e+00   5.0947078e+01
   4.9100000e+00   9.9425629e+00   8.2179641e+00   5.0947078e+01
   4.9200000e+00   9.9425629e+00   8.2179641e+00   5.0947078e+01
   4.9300000e+00   9.9425629e+00   8.2179641e+00   5.0947078e+01
   4.9400000e+00   9.9425629e+00   8.2179641e+00   5.0947078e+01
   4.9500000e+00   9.9425629e+00   8.2179641e+00   5.0947078e+01
   4.9600000e+00   9.9425629e+00   8.2179641e+00   5.0947078e+01
   4.9700000e+00   9.9425629e+00   8.2179641e+00   5.0947078e+01
   4.9800000e+00   9.9425629e+00   8.2179641e+00   5.0947078e+01
   4.9900000e+00   9.9425629e+00   8.2179641e+00   5.0947078e+01
   5.0000000e+00   9.9425629e+00   8.2179641e+00   5.0947078e+01
   5.0100000e+00   9.9425629e+00   8.2179641e+00   5.0947078e+01
   5.0200000e+00   9.9425629e+00   8.2179641e+00   5.0947078e+01
   5.0300000e+00   9.9425629e+00   8.2179641e+00   5.0947078e+01
   5.0400000e+00   9.9425629e+00   8.2179641e+00   5.0947078e+01
   5.0500000e+00   9.9425629e+00   8.2179641e+00   5.0947078e+01
   5.0600000e+00   9.9425629e+00   8.2179641e+00   5.0947078e+01
   5.0700000e+00   9.9425629e+00   8.2179641e+00   5.0947078e+01
   5.0800000e+00   9.9425629e+00   8.2179641e+00   5.0947078e+01
   5.0900000e+00   9.9425629e+00   8.2179641e+00   5.0947078e+01
   5.1000000e+00   9.9425629e+00   8.2179641e+00   5.0947078e+01
   5.1100000e+00   9.9425629e+00   8.2179641e+00   5.0947078e+01
   5.1200000e+00   9.9425629e+00   8.2179641e+00   5.0947078e+01
   5.1300000e+00   9.9425629e+00   8.2179641e+00   5.0947078e+01
   5.1400000e+00   9.9425629e+00   8.2179641e+00   5.0947078e+01
   5.1500000e+00   9.9425629e+00   8.2179641e+00   5.0947078e+01
   5.1600000e+00   9.9425629e+00   8.2179641e+00   5.0947078e+01
   5.1700000e+00   9.9425629e+00   8.2179641e+00   5.0947078e+01
   5.1800000e+00   9.9425629e+00   8.2179641e+00   5.0947078e+01
   5.1900000e+00   9.9425629e+00   8.2179641e+00   5.0947078e+01
   5.2000000e+00   9.9425629e+00   8.2179641e+00   5.0947078e+01
   5.2100000e+00   9.9425629e+00   8.2179641e+00   5.0947078e+01
   5.2200000e+00   9.9425629e+00   8.2179641e+00   5.0947078e+01
   5.2300000e+00   9.9425629e+00   8.2179641e+00   5.0947078e+01
   5.2400000e+00   9.9425629e+00   8.2179641e+00   5.0947078e+01
   5.2500000e+00   9.9425629e+00   8.2179641e+00   5.0947078e+01
   5.2600000e+00   9.9425629e+00   8.2179641e+00   5.0947078e+01
   5.2700000e+00   9.9425629e+00   8.2179641e+00   5.0947078e+01
   5.2800000e+00   9.9425629e+00   8.2179641e+00   5.0947078e+01
   5.2900000e+00   9.9425629e+00   8.2179641e+00   5.0947078e+01
   5.3000000e+00   9.9425629e+00   8.2179641e+00   5.0947078e+01
   5.3100000e+00   9.9425629e+00   8.2179641e+00   5.0947078e+01
   5.3200000e+00   9.9425629e+00   8.2179641e+00   5.0947078e+01
   5.3300000e+00   9.9425629e+00   8.2179641e+00   5.0947078e+01
   5.3400000e+00   9.9425629e+00   8.2179641e+00   5.0947078e+01
   5.3500000e+00   9.9425629e+00   8.2179641e+00   5.0947078e+01
   5.3600000e+00   9.9425629e+00   8.2179641e+00   5.0947078e+01
   5.3700000e+00   9.9425629e+00   8.2179641e+00   5.0947078e+01
   5.3800000e+00   9.9425629e+00   8.2179641e+00   5.0947078e+01
   5.3900000e+00   9.9425629e+00   8.2179641e+00   5.0947078e+01
   5.4000000e+00   9.9425629e+00   8.2179641e+00   5.0947078e+01
   5.4100000e+00   9.9425629e+00   8.2179641e+00   5.0947078e+01
   5.4200000e+00   9.9425629e+00   8.2179641e+00   5.0947078e+01
   5.4300000e+00   9.9425629e+00   8.2179641e+00   5.0947078e+01
   5.4400000e+00   9.9425629e+00   8.2179641e+00   5.0947078e+01
   5.4500000e+00   9.9425629e+00   8.2179641e+00   5.0947078e+01
   5.4600000e+00   9.9425629e+00   8.2179641e+00   5.0947078e+01
   5.4700000e+00   9.9425629e+00   8.2179641e+00   5.0947078e+01
   5.4800000e+00   9.9425629e+00   8.2179641e+00   5.0947078e+01
   5.4900000e+00   9.9425629e+00   8.2179641e+00   5.0947078e+01
   5.5000000e+00   9.9425629e+00   8.2179641e+00   5.0947078e+01
   5.5100000e+00   9.9425629e+00   8.2179641e+00   5.0947078e+01
   5.5200000e+00   9.9425629e+00   8.2179641e+00   5.0947078e+01
   5.5300000e+00   9.9425629e+00   8.2179641e+00   5.0947078e+01
   5.5400000e+00   9.9425629e+00   8.2179641e+00   5.0947078e+01
   5.5500000e+00   9.9425629e+00   8.2179641e+00   5.0947078e+01
   5.5600000e+00   9.9425629e+00   8.2179641e+00   5.0947078e+01
   5.5700000e+00   9.9425629e+00   8.2179641e+00   5.0947078e+01
   5.5800000e+00   9.9425629e+00   8.2179641e+00   5.0947078e+01
   5.5900000e+00   9.9425629e+00   8.2179641e+00   5.0947078e+01
   5.6000000e+00   9.9425629e+00   8.2179641e+00   5.0947078e+01
   5.6100000e+00   9.9425629e+00   8.2179641e+00   5.0947078e+01
   5.6200000e+00   9.9425629e+00   8.2179641e+00   5.0947078e+01
   5.6300000e+00   9.9425629e+00   8.2179641e+00   5.0947078e+01
   5.6400000e+00   9.9425629e+00   8.2179641e+00   5.0947078e+01
   5.6500000e+00   9.9425629e+00   8.2179641e+00   5.0947078e+01
   5.6600000e+00   9.9425629e+00   8.2179641e+00   5.0947078e+01
   5.6700000e+00   9.9425629e+00   8.2179641e+00   5.0947078e+01
   5.6800000e+00   9.9425629e+00   8.2179641e+00   5.0947078e+01
   5.6900000e+00   9.9425629e+00   8.2179641e+00   5.0947078e+01
   5.7000000e+00   9.9425629e+00   8.2179641e+00   5.0947078e+01
   5.7100000e+00   9.9425629e+00   8.2179641e+00   5.0947078e+01
   5.7200000e+00   9.9425629e+00   8.2179641e+00   5.0947078e+01
   5.7300000e+00   9.9425629e+00   8.2179641e+00   5.0947078e+01
   5.7400000e+00   9.9425629e+00   8.2179641e+00   5.0947078e+01
   5.7500000e+00   9.9425629e+00   8.2179641e+00   5.0947078e+01
   5.7600000e+00   9.9425629e+00   8.2179641e+00   5.0947078e+01
   5.7700000e+00   9.9425629e+00   8.2179641e+00   5.0947078e+01
   5.7800000e+00   9.9425629e+00   8.2179641e+00   5.0947078e+01
   5.7900000e+00   9.9425629e+00   8.2179641e+00   5.0947078e+01
   5.8000000e+00   9.9425629e+00   8.2179641e+00   5.0947078e+01
   5.8100000e+00   9.9425629e+00   8.2179641e+00   5.0947078e+01
   5.8200000e+00   9.9425629e+00   8.2179641e+00   5.0947078e+01
   5.8300000e+00   9.9425629e+00   8.2179641e+00   5.0947078e+01
   5.8400000e+00   9.9425629e+00   8.2179641e+00   5.0947078e+01
   5.8500000e+00   9.9425629e+00   8.2179641e+00   5.0947078e+01
   5.8600000e+00   9.9425629e+00   8.2179641e+00   5.0947078e+01
   5.8700000e+00   9.9425629e+00   8.2179641e+00   5.0947078e+01
   5.8800000e+00   9.9425629e+00   8.2179641e+00   5.0947078e+01
   5.8900000e+00   9.9425629e+00   8.2179641e+00   5.0947078e+01
   5.9000000e+00   9.9425629e+00   8.2179641e+00   5.0947078e+01
   5.9100000e+00   9.9425629e+00   8.2179641e+00   5.0947078e+01
   5.9200000e+00   9.9425629e+00   8.2179641e+00   5.0947078e+01
   5.9300000e+00   9.9425629e+00   8.2179641e+00   5.0947078e+01
   5.9400000e+00   9.9425629e+00   8.2179641e+00   5.0947078e+01
   5.9500000e+00   9.9425629e+00   8.2179641e+00   5.0947078e+01
   5.9600000e+00   9.9425629e+00   8.2179641e+00   5.0947078e+01
   5.9700000e+00   9.9425629e+00   8.2179641e+00   5.0947078e+01
   5.9800000e+00   9.9425629e+00   8.2179641e+00   5.0947078e+01
   5.9900000e+00   9.9425629e+00   8.2179641e+00   5.0947078e+01
   6.0000000e+00   9.9425629e+00   8.2179641e+00   5.0947078e+01
   6.0100000e+00   9.9425629e+00   8.2179641e+00   5.0947078e+01
   6.0200000e+00   9.9425629e+00   8.2179641e+00   5.0947078e+01
   6.0300000e+00   9.9425629e+00   8.2179641e+00   5.0947078e+01
   6.0400000e+00   9.9425629e+00   8.2179641e+00   5.0947078e+01
   6.0500000e+00   9.9425629e+00   8.2179641e+00   5.0947078e+01
   6.0600000e+00   9.9425629e+00   8.2179641e+00   5.0947078e+01
   6.0700000e+00   9.9425629e+00   8.2179641e+00   5.0947078e+01
   6.0800000e+00   9.9425629e+00   8.2179641e+00   5.0947078e+01
   6.0900000e+00   9.9425629e+00   8.2179641e+00   5.0947078e+01
   6.1000000e+00   9.9425629e+00   8.2179641e+00   5.0947078e+01
   6.1100000e+00   9.9425629e+00   8.2179641e+00   5.0947078e+01
   6.1200000e+00   9.9425629e+00   8.2179641e+00   5.0947078e+01
   6.1300000e+00   9.9425629e+00   8.2179641e+00   5.0947078e+01
   6.1400000e+00   9.9425629e+00   8.2179641e+00   5.0947078e+01
   6.1500000e+00   9.9425629e+00   8.2179641e+00   5.0947078e+01
   6.1600000e+00   9.9425629e+00   8.2179641e+00   5.0947078e+01
   6.1700000e+00   9.9425629e+00   8.2179641e+00   5.0947078e+01
   6.1800000e+00   9.9425629e+00   8.2179641e+00   5.0947078e+01
   6.1900000e+00   9.9425629e+00   8.2179641e+00   5.0947078e+01
   6.2000000e+00   9.9425629e+00   8.2179641e+00   5.0947078e+01
   6.2100000e+00   9.9425629e+00   8.2179641e+00   5.0947078e+01
   6.2200000e+00   9.9425629e+00   8.2179641e+00   5.0947078e+01
   6.2300000e+00   9.9425629e+00   8.2179641e+00   5.0947078e+01
   6.2400000e+00   9.9425629e+00   8.2179641e+00   5.0947078e+01
   6.2500000e+00   9.9425629e+00   8.2179641e+00   5.0947078e+01
   6.2600000e+00   9.9425629e+00   8.2179641e+00   5.0947078e+01
   6.2700000e+00   9.9425629e+00   8.2179641e+00   5.0947078e+01
   6.2800000e+00   9.9425629e+00   8.2179641e+00   5.0947078e+01
   6.2900000e+00   9.9425629e+00   8.2179641e+00   5.0947078e+01
   6.3000000e+00   9.9425629e+00   8.2179641e+00   5.0947078e+01
   6.3100000e+00   9.9425629e+00   8.2179641e+00   5.0947078e+01
   6.3200000e+00   9.9425629e+00   8.2179641e+00   5.0947078e+01
   6.3300000e+00   9.9425629e+00   8.2179641e+00   5.0947078e+01
   6.3400000e+00   9.9425629e+00   8.2179641e+00   5.0947078e+01
   6.3500000e+00   9.9425629e+00   8.2179641e+00   5.0947078e+01
   6.3600000e+00   9.9425629e+00   8.2179641e+00   5.0947078e+01
   6.3700000e+00   9.9425629e+00   8.2179641e+00   5.0947078e+01
   6.3800000e+00   9.9425629e+00   8.2179641e+00   5.0947078e+01
   6.3900000e+00   9.9425629e+00   8.2179641e+00   5.0947078e+01
   6.4000000e+00   9.9425629e+00   8.2179641e+00   5.0947078e+01
   6.4100000e+00   9.9425629e+00   8.2179641e+00   5.0947078e+01
   6.4200000e+00   9.9425629e+00   8.2179641e+00   5.0947078e+01
   6.4300000e+00   9.9425629e+00   8.2179641e+00   5.0947078e+01
   6.4400000e+00   9.9425629e+00   8.2179641e+00   5.0947078e+01
   6.4500000e+00   9.9425629e+00   8.2179641e+00   5.0947078e+01
   6.4600000e+00   9.9425629e+00   8.2179641e+00   5.0947078e+01
   6.4700000e+00   9.9425629e+00   8.2179641e+00   5.0947078e+01
   6.4800000e+00   9.9425629e+00   8.2179641e+00   5.0947078e+01
   6.4900000e+00   9.9425629e+00   8.2179641e+00   5.0947078e+01
   6.5000000e+00   9.9425629e+00   8.2179641e+00   5.0947078e+01
   6.5100000e+00   9.9425629e+00   8.2179641e+00   5.0947078e+01
   6.5200000e+00   9.9425629e+00   8.2179641e+00   5.0947078e+01
   6.5300000e+00   9.9425629e+00   8.2179641e+00   5.0947078e+01
   6.5400000e+00   9.9425629e+00   8.2179641e+00   5.0947078e+01
   6.5500000e+00   9.9425629e+00   8.2179641e+00   5.0947078e+01
   6.5600000e+00   9.9425629e+00   8.2179641e+00   5.0947078e+01
   6.5700000e+00   9.9425629e+00   8.2179641e+00   5.0947078e+01
   6.5800000e+00   9.9425629e+00   8.2179641e+00   5.0947078e+01
   6.5900000e+00   9.9425629e+00   8.2179641e+00   5.0947078e+01
   6.6000000e+00   9.9425629e+00   8.2179641e+00   5.0947078e+01
   6.6100000e+00   9.9425629e+00   8.2179641e+00   5.0947078e+01
   6.6200000e+00   9.9425629e+00   8.2179641e+00   5.0947078e+01
   6.6300000e+00   9.9425629e+00   8.2179641e+00   5.0947078e+01
   6.6400000e+00   9.9425629e+00   8.2179641e+00   5.0947078e+01
   6.6500000e+00   9.9425629e+00   8.2179641e+00   5.0947078e+01
   6.6600000e+00   9.9425629e+00   8.2179641e+00   5.0947078e+01
   6.6700000e+00   9.9425629e+00   8.2179641e+00   5.0947078e+01
   6.6800000e+00   9.9425629e+00   8.2179641e+00   5.0947078e+01
   6.6900000e+00   9.9425629e+00   8.2179641e+00   5.0947078e+01
   6.7000000e+00   9.9425629e+00   8.2179641e+00   5.0947078e+01
   6.7100000e+00   9.9425629e+00   8.2179641e+00   5.0947078e+01
   6.7200000e+00   9.9425629e+00   8.2179641e+00   5.0947078e+01
   6.7300000e+00   9.9425629e+00   8.2179641e+00   5.0947078e+01
   6.7400000e+00   9.9425629e+00   8.2179641e+00   5.0947078e+01
   6.7500000e+00   9.9425629e+00   8.2179641e+00   5.0947078e+01
   6.7600000e+00   9.9425629e+00   8.2179641e+00   5.0947078e+01
   6.7700000e+00   9.9425629e+00   8.2179641e+00   5.0947078e+01
   6.7800000e+00   9.9425629e+00   8.2179641e+00   5.0947078e+01
   6.7900000e+00   9.9425629e+00   8.2179641e+00   5.0947078e+01
   6.8000000e+00   9.9425629e+00   8.2179641e+00   5.0947078e+01
   6.8100000e+00   9.9425629e+00   8.2179641e+00   5.0947078e+01
   6.8200000e+00   9.9425629e+00   8.2179641e+00   5.0947078e+01
   6.8300000e+00   9.9425629e+00   8.2179641e+00   5.0947078e+01
   6.8400000e+00   9.9425629e+00   8.2179641e+00   5.0947078e+01
   6.8500000e+00   9.9425629e+00   8.2179641e+00   5.0947078e+01
   6.8600000e+00   9.9425629e+00   8.2179641e+00   5.0947078e+01
   6.8700000e+00   9.9425629e+00   8.2179641e+00   5.0947078e+01
   6.8800000e+00   9.9425629e+00   8.2179641e+00   5.0947078e+01
   6.8900000e+00   9.9425629e+00   8.2179641e+00   5.0947078e+01
   6.9000000e+00   9.9425629e+00   8.2179641e+00   5.0947078e+01
   6.9100000e+00   9.9425629e+00   8.2179641e+00   5.0947078e+01
   6.9200000e+00   9.9425629e+00   8.2179641e+00   5.0947078e+01
   6.9300000e+00   9.9425629e+00   8.2179641e+00   5.0947078e+01
   6.9400000e+00   9.9425629e+00   8.2179641e+00   5.0947078e+01
   6.9500000e+00   9.9425629e+00   8.2179641e+00   5.0947078e+01
   6.9600000e+00   9.9425629e+00   8.2179641e+00   5.0947078e+01
   6.9700000e+00   9.9425629e+00   8.2179641e+00   5.0947078e+01
   6.9800000e+00   9.9425629e+00   8.2179641e+00   5.0947078e+01
   6.9900000e+00   9.9425629e+00   8.2179641e+00   5.0947078e+01
   7.0000000e+00   9.9425629e+00   8.2179641e+00   5.0947078e+01
   7.0100000e+00   9.9425629e+00   8.2179641e+00   5.0947078e+01
   7.0200000e+00   9.9425629e+00   8.2179641e+00   5.0947078e+01
   7.0300000e+00   9.9425629e+00   8.2179641e+00   5.0947078e+01
   7.0400000e+00   9.9425629e+00   8.2179641e+00   5.0947078e+01
   7.0500000e+00   9.9425629e+00   8.2179641e+00   5.0947078e+01
   7.0600000e+00   9.9425629e+00   8.2179641e+00   5.0947078e+01
   7.0700000e+00   9.9425629e+00   8.2179641e+00   5.0947078e+01
   7.0800000e+00   9.9425629e+00   8.2179641e+00   5.0947078e+01
   7.0900000e+00   9.9425629e+00   8.2179641e+00   5.0947078e+01
   7.1000000e+00   9.9425629e+00   8.2179641e+00   5.0947078e+01
   7.1100000e+00   9.9425629e+00   8.2179641e+00   5.0947078e+01
   7.1200000e+00   9.9425629e+00   8.2179641e+00   5.0947078e+01
   7.1300000e+00   9.9425629e+00   8.2179641e+00   5.0947078e+01
   7.1400000e+00   9.9425629e+00   8.2179641e+00   5.0947078e+01
   7.1500000e+00   9.9425629e+00   8.2179641e+00   5.0947078e+01
   7.1600000e+00   9.9425629e+00   8.2179641e+00   5.0947078e+01
   7.1700000e+00   9.9425629e+00   8.2179641e+00   5.0947078e+01
   7.1800000e+00   9.9425629e+00   8.2179641e+00   5.0947078e+01
   7.1900000e+00   9.9425629e+00   8.2179641e+00   5.0947078e+01
   7.2000000e+00   9.9425629e+00   8.2179641e+00   5.0947078e+01
   7.2100000e+00   9.9425629e+00   8.2179641e+00   5.0947078e+01
   7.2200000e+00   9.9425629e+00   8.2179641e+00   5.0947078e+01
   7.2300000e+00   9.9425629e+00   8.2179641e+00   5.0947078e+01
   7.2400000e+00   9.9425629e+00   8.2179641e+00   5.0947078e+01
   7.2500000e+00   9.9425629e+00   8.2179641e+00   5.0947078e+01
   7.2600000e+00   9.9425629e+00   8.2179641e+00   5.0947078e+01
   7.2700000e+00   9.9425629e+00   8.2179641e+00   5.0947078e+01
   7.2800000e+00   9.9425629e+00   8.2179641e+00   5.0947078e+01
   7.2900000e+00   9.9425629e+00   8.2179641e+00   5.0947078e+01
   7.3000000e+00   9.9425629e+00   8.2179641e+00   5.0947078e+01
   7.3100000e+00   9.9425629e+00   8.2179641e+00   5.0947078e+01
   7.3200000e+00   9.9425629e+00   8.2179641e+00   5.0947078e+01
   7.3300000e+00   9.9425629e+00   8.2179641e+00   5.0947078e+01
   7.3400000e+00   9.9425629e+00   8.2179641e+00   5.0947078e+01
   7.3500000e+00   9.9425629e+00   8.2179641e+00   5.0947078e+01
   7.3600000e+00   9.9425629e+00   8.2179641e+00   5.0947078e+01
   7.3700000e+00   9.9425629e+00   8.2179641e+00   5.0947078e+01
   7.3800000e+00   9.9425629e+00   8.2179641e+00   5.0947078e+01
   7.3900000e+00   9.9425629e+00   8.2179641e+00   5.0947078e+01
   7.4000000e+00   9.9425629e+00   8.2179641e+00   5.0947078e+01
   7.4100000e+00   9.9425629e+00   8.2179641e+00   5.0947078e+01
   7.4200000e+00   9.9425629e+00   8.2179641e+00   5.0947078e+01
   7.4300000e+00   9.9425629e+00   8.2179641e+00   5.0947078e+01
   7.4400000e+00   9.9425629e+00   8.2179641e+00   5.0947078e+01
   7.4500000e+00   9.9425629e+00   8.2179641e+00   5.0947078e+01
   7.4600000e+00   9.9425629e+00   8.2179641e+00   5.0947078e+01
   7.4700000e+00   9.9425629e+00   8.2179641e+00   5.0947078e+01
   7.4800000e+00   9.9425629e+00   8.2179641e+00   5.0947078e+01
   7.4900000e+00   9.9425629e+00   8.2179641e+00   5.0947078e+01
   7.5000000e+00   9.9425629e+00   8.2179641e+00   5.0947078e+01
   7.5100000e+00   9.9425629e+00   8.2179641e+00   5.0947078e+01
   7.5200000e+00   9.9425629e+00   8.2179641e+00   5.0947078e+01
   7.5300000e+00   9.9425629e+00   8.2179641e+00   5.0947078e+01
   7.5400000e+00   9.9425629e+00   8.2179641e+00   5.0947078e+01
   7.5500000e+00   9.9425629e+00   8.2179641e+00   5.0947078e+01
   7.5600000e+00   9.9425629e+00   8.2179641e+00   5.0947078e+01
   7.5700000e+00   9.9425629e+00   8.2179641e+00   5.0947078e+01
   7.5800000e+00   9.9425629e+00   8.2179641e+00   5.0947078e+01
   7.5900000e+00   9.9425629e+00   8.2179641e+00   5.0947078e+01
   7.6000000e+00   9.9425629e+00   8.2179641e+00   5.0947078e+01
   7.6100000e+00   9.9425629e+00   8.2179641e+00   5.0947078e+01
   7.6200000e+00   9.9425629e+00   8.2179641e+00   5.0947078e+01
   7.6300000e+00   9.9425629e+00   8.2179641e+00   5.0947078e+01
   7.6400000e+00   9.9425629e+00   8.2179641e+00   5.0947078e+01
   7.6500000e+00   9.9425629e+00   8.2179641e+00   5.0947078e+01
   7.6600000e+00   9.9425629e+00   8.2179641e+00   5.0947078e+01
   7.6700000e+00   9.9425629e+00   8.2179641e+00   5.0947078e+01
   7.6800000e+00   9.9425629e+00   8.2179641e+00   5.0947078e+01
   7.6900000e+00   9.9425629e+00   8.2179641e+00   5.0947078e+01
   7.7000000e+00   9.9425629e+00   8.2179641e+00   5.0947078e+01
   7.7100000e+00   9.9425629e+00   8.2179641e+00   5.0947078e+01
   7.7200000e+00   9.9425629e+00   8.2179641e+00   5.0947078e+01
   7.7300000e+00   9.9425629e+00   8.2179641e+00   5.0947078e+01
   7.7400000e+00   9.9425629e+00   8.2179641e+00   5.0947078e+01
   7.7500000e+00   9.9425629e+00   8.2179641e+00   5.0947078e+01
   7.7600000e+00   9.9425629e+00   8.2179641e+00   5.0947078e+01
   7.7700000e+00   9.9425629e+00   8.2179641e+00   5.0947078e+01
   7.7800000e+00   9.9425629e+00   8.2179641e+00   5.0947078e+01
   7.7900000e+00   9.9425629e+00   8.2179641e+00   5.0947078e+01
   7.8000000e+00   9.9425629e+00   8.2179641e+00   5.0947078e+01
   7.8100000e+00   9.9425629e+00   8.2179641e+00   5.0947078e+01
   7.8200000e+00   9.9425629e+00   8.2179641e+00   5.0947078e+01
   7.8300000e+00   9.9425629e+00   8.2179641e+00   5.0947078e+01
   7.8400000e+00   9.9425629e+00   8.2179641e+00   5.0947078e+01
   7.8500000e+00   9.9425629e+00   8.2179641e+00   5.0947078e+01
   7.8600000e+00   9.9425629e+00   8.2179641e+00   5.0947078e+01
   7.8700000e+00   9.9425629e+00   8.2179641e+00   5.0947078e+01
   7.8800000e+00   9.9425629e+00   8.2179641e+00   5.0947078e+01
   7.8900000e+00   9.9425629e+00   8.2179641e+00   5.0947078e+01
   7.9000000e+00   9.9425629e+00   8.2179641e+00   5.0947078e+01
   7.9100000e+00   9.9425629e+00   8.2179641e+00   5.0947078e+01
   7.9200000e+00   9.9425629e+00   8.2179641e+00   5.0947078e+01
   7.9300000e+00   9.9425629e+00   8.2179641e+00   5.0947078e+01
   7.9400000e+00   9.9425629e+00   8.2179641e+00   5.0947078e+01
   7.9500000e+00   9.9425629e+00   8.2179641e+00   5.0947078e+01
   7.9600000e+00   9.9425629e+00   8.2179641e+00   5.0947078e+01
   7.9700000e+00   9.9425629e+00   8.2179641e+00   5.0947078e+01
   7.9800000e+00   9.9425629e+00   8.2179641e+00   5.0947078e+01
   7.9900000e+00   9.9425629e+00   8.2179641e+00   5.0947078e+01
   8.0000000e+00   9.9425629e+00   8.2179641e+00   5.0947078e+01
   8.0100000e+00   9.9425629e+00   8.2179641e+00   5.0947078e+01
   8.0200000e+00   9.9425629e+00   8.2179641e+00   5.0947078e+01
   8.0300000e+00   9.9425629e+00   8.2179641e+00   5.0947078e+01
   8.0400000e+00   9.9425629e+00   8.2179641e+00   5.0947078e+01
   8.0500000e+00   9.9425629e+00   8.2179641e+00   5.0947078e+01
   8.0600000e+00   9.9425629e+00   8.2179641e+00   5.0947078e+01
   8.0700000e+00   9.9425629e+00   8.2179641e+00   5.0947078e+01
   8.0800000e+00   9.9425629e+00   8.2179641e+00   5.0947078e+01
   8.0900000e+00   9.9425629e+00   8.2179641e+00   5.0947078e+01
   8.1000000e+00   9.9425629e+00   8.2179641e+00   5.0947078e+01
   8.1100000e+00   9.9425629e+00   8.2179641e+00   5.0947078e+01
   8.1200000e+00   9.9425629e+00   8.2179641e+00   5.0947078e+01
   8.1300000e+00   9.9425629e+00   8.2179641e+00   5.0947078e+01
   8.1400000e+00   9.9425629e+00   8.2179641e+00   5.0947078e+01
   8.1500000e+00   9.9425629e+00   8.2179641e+00   5.0947078e+01
   8.1600000e+00   9.9425629e+00   8.2179641e+00   5.0947078e+01
   8.1700000e+00   9.9425629e+00   8.2179641e+00   5.0947078e+01
   8.1800000e+00   9.9425629e+00   8.2179641e+00   5.0947078e+01
   8.1900000e+00   9.9425629e+00   8.2179641e+00   5.0947078e+01
   8.2000000e+00   9.9425629e+00   8.2179641e+00   5.0947078e+01
   8.2100000e+00   9.9425629e+00   8.2179641e+00   5.0947078e+01
   8.2200000e+00   9.9425629e+00   8.2179641e+00   5.0947078e+01
   8.2300000e+00   9.9425629e+00   8.2179641e+00   5.0947078e+01
   8.2400000e+00   9.9425629e+00   8.2179641e+00   5.0947078e+01
   8.2500000e+00   9.9425629e+00   8.2179641e+00   5.0947078e+01
   8.2600000e+00   9.9425629e+00   8.2179641e+00   5.0947078e+01
   8.2700000e+00   9.9425629e+00   8.2179641e+00   5.0947078e+01
   8.2800000e+00   9.9425629e+00   8.2179641e+00   5.0947078e+01
   8.2900000e+00   9.9425629e+00   8.2179641e+00   5.0947078e+01
   8.3000000e+00   9.9425629e+00   8.2179641e+00   5.0947078e+01
   8.3100000e+00   9.9425629e+00   8.2179641e+00   5.0947078e+01
   8.3200000e+00   9.9425629e+00   8.2179641e+00   5.0947078e+01
   8.3300000e+00   9.9425629e+00   8.2179641e+00   5.0947078e+01
   8.3400000e+00   9.9425629e+00   8.2179641e+00   5.0947078e+01
   8.3500000e+00   9.9425629e+00   8.2179641e+00   5.0947078e+01
   8.3600000e+00   9.9425629e+00   8.2179641e+00   5.0947078e+01
   8.3700000e+00   9.9425629e+00   8.2179641e+00   5.0947078e+01
   8.3800000e+00   9.9425629e+00   8.2179641e+00   5.0947078e+01
   8.3900000e+00   9.9425629e+00   8.2179641e+00   5.0947078e+01
   8.4000000e+00   9.9425629e+00   8.2179641e+00   5.0947078e+01
   8.4100000e+00   9.9425629e+00   8.2179641e+00   5.0947078e+01
   8.4200000e+00   9.9425629e+00   8.2179641e+00   5.0947078e+01
   8.4300000e+00   9.9425629e+00   8.2179641e+00   5.0947078e+01
   8.4400000e+00   9.9425629e+00   8.2179641e+00   5.0947078e+01
   8.4500000e+00   9.9425629e+00   8.2179641e+00   5.0947078e+01
   8.4600000e+00   9.9425629e+00   8.2179641e+00   5.0947078e+01
   8.4700000e+00   9.9425629e+00   8.2179641e+00   5.0947078e+01
   8.4800000e+00   9.9425629e+00   8.2179641e+00   5.0947078e+01
   8.4900000e+00   9.9425629e+00   8.2179641e+00   5.0947078e+01
   8.5000000e+00   9.9425629e+00   8.2179641e+00   5.0947078e+01
   8.5100000e+00   9.9425629e+00   8.2179641e+00   5.0947078e+01
   8.5200000e+00   9.9425629e+00   8.2179641e+00   5.0947078e+01
   8.5300000e+00   9.9425629e+00   8.2179641e+00   5.0947078e+01
   8.5400000e+00   9.9425629e+00   8.2179641e+00   5.0947078e+01
   8.5500000e+00   9.9425629e+00   8.2179641e+00   5.0947078e+01
   8.5600000e+00   9.9425629e+00   8.2179641e+00   5.0947078e+01
   8.5700000e+00   9.9425629e+00   8.2179641e+00   5.0947078e+01
   8.5800000e+00   9.9425629e+00   8.2179641e+00   5.0947078e+01
   8.5900000e+00   9.9425629e+00   8.2179641e+00   5.0947078e+01
   8.6000000e+00   9.9425629e+00   8.2179641e+00   5.0947078e+01
   8.6100000e+00   9.9425629e+00   8.2179641e+00   5.0947078e+01
   8.6200000e+00   9.9425629e+00   8.2179641e+00   5.0947078e+01
   8.6300000e+00   9.9425629e+00   8.2179641e+00   5.0947078e+01
   8.6400000e+00   9.9425629e+00   8.2179641e+00   5.0947078e+01
   8.6500000e+00   9.9425629e+00   8.2179641e+00   5.0947078e+01
   8.6600000e+00   9.9425629e+00   8.2179641e+00   5.0947078e+01
   8.6700000e+00   9.9425629e+00   8.2179641e+00   5.0947078e+01
   8.6800000e+00   9.9425629e+00   8.2179641e+00   5.0947078e+01
   8.6900000e+00   9.9425629e+00   8.2179641e+00   5.0947078e+01
   8.7000000e+00   9.9425629e+00   8.2179641e+00   5.0947078e+01
   8.7100000e+00   9.9425629e+00   8.2179641e+00   5.0947078e+01
   8.7200000e+00   9.9425629e+00   8.2179641e+00   5.0947078e+01
   8.7300000e+00   9.9425629e+00   8.2179641e+00   5.0947078e+01
   8.7400000e+00   9.9425629e+00   8.2179641e+00   5.0947078e+01
   8.7500000e+00   9.9425629e+00   8.2179641e+00   5.0947078e+01
   8.7600000e+00   9.9425629e+00   8.2179641e+00   5.0947078e+01
   8.7700000e+00   9.9425629e+00   8.2179641e+00   5.0947078e+01
   8.7800000e+00   9.9425629e+00   8.2179641e+00   5.0947078e+01
   8.7900000e+00   9.9425629e+00   8.2179641e+00   5.0947078e+01
   8.8000000e+00   9.9425629e+00   8.2179641e+00   5.0947078e+01
   8.8100000e+00   9.9425629e+00   8.2179641e+00   5.0947078e+01
   8.8200000e+00   9.9425629e+00   8.2179641e+00   5.0947078e+01
   8.8300000e+00   9.9425629e+00   8.2179641e+00   5.0947078e+01
   8.8400000e+00   9.9425629e+00   8.2179641e+00   5.0947078e+01
   8.8500000e+00   9.9425629e+00   8.2179641e+00   5.0947078e+01
   8.8600000e+00   9.9425629e+00   8.2179641e+00   5.0947078e+01
   8.8700000e+00   9.9425629e+00   8.2179641e+00   5.0947078e+01
   8.8800000e+00   9.9425629e+00   8.2179641e+00   5.0947078e+01
   8.8900000e+00   9.9425629e+00   8.2179641e+00   5.0947078e+01
   8.9000000e+00   9.9425629e+00   8.2179641e+00   5.0947078e+01
   8.9100000e+00   9.9425629e+00   8.2179641e+00   5.0947078e+01
   8.9200000e+00   9.9425629e+00   8.2179641e+00   5.0947078e+01
   8.9300000e+00   9.9425629e+00   8.2179641e+00   5.0947078e+01
   8.9400000e+00   9.9425629e+00   8.2179641e+00   5.0947078e+01
   8.9500000e+00   9.9425629e+00   8.2179641e+00   5.0947078e+01
   8.9600000e+00   9.9425629e+00   8.2179641e+00   5.0947078e+01
   8.9700000e+00   9.9425629e+00   8.2179641e+00   5.0947078e+01
   8.9800000e+00   9.9425629e+00   8.2179641e+00   5.0947078e+01
   8.9900000e+00   9.9425629e+00   8.2179641e+00   5.0947078e+01
   9.0000000e+00   9.9425629e+00   8.2179641e+00   5.0947078e+01
   9.0100000e+00   9.9425629e+00   8.2179641e+00   5.0947078e+01
   9.0200000e+00   9.9425629e+00   8.2179641e+00   5.0947078e+01
   9.0300000e+00   9.9425629e+00   8.2179641e+00   5.0947078e+01
   9.0400000e+00   9.9425629e+00   8.2179641e+00   5.0947078e+01
   9.0500000e+00   9.9425629e+00   8.2179641e+00   5.0947078e+01
   9.0600000e+00   9.9425629e+00   8.2179641e+00   5.0947078e+01
   9.0700000e+00   9.9425629e+00   8.2179641e+00   5.0947078e+01
   9.0800000e+00   9.9425629e+00   8.2179641e+00   5.0947078e+01
   9.0900000e+00   9.9425629e+00   8.2179641e+00   5.0947078e+01
   9.1000000e+00   9.9425629e+00   8.2179641e+00   5.0947078e+01
   9.1100000e+00   9.9425629e+00   8.2179641e+00   5.0947078e+01
   9.1200000e+00   9.9425629e+00   8.2179641e+00   5.0947078e+01
   9.1300000e+00   9.9425629e+00   8.2179641e+00   5.0947078e+01
   9.1400000e+00   9.9425629e+00   8.2179641e+00   5.0947078e+01
   9.1500000e+00   9.9425629e+00   8.2179641e+00   5.0947078e+01
   9.1600000e+00   9.9425629e+00   8.2179641e+00   5.0947078e+01
   9.1700000e+00   9.9425629e+00   8.2179641e+00   5.0947078e+01
   9.1800000e+00   9.9425629e+00   8.2179641e+00   5.0947078e+01
   9.1900000e+00   9.9425629e+00   8.2179641e+00   5.0947078e+01
   9.2000000e+00   9.9425629e+00   8.2179641e+00   5.0947078e+01
   9.2100000e+00   9.9425629e+00   8.2179641e+00   5.0947078e+01
   9.2200000e+00   9.9425629e+00   8.2179641e+00   5.0947078e+01
   9.2300000e+00   9.9425629e+00   8.2179641e+00   5.0947078e+01
   9.2400000e+00   9.9425629e+00   8.2179641e+00   5.0947078e+01
   9.2500000e+00   9.9425629e+00   8.2179641e+00   5.0947078e+01
   9.2600000e+00   9.9425629e+00   8.2179641e+00   5.0947078e+01
   9.2700000e+00   9.9425629e+00   8.2179641e+00   5.0947078e+01
   9.2800000e+00   9.9425629e+00   8.2179641e+00   5.0947078e+01
   9.2900000e+00   9.9425629e+00   8.2179641e+00   5.0947078e+01
   9.3000000e+00   9.9425629e+00   8.2179641e+00   5.0947078e+01
   9.3100000e+00   9.9425629e+00   8.2179641e+00   5.0947078e+01
   9.3200000e+00   9.9425629e+00   8.2179641e+00   5.0947078e+01
   9.3300000e+00   9.9425629e+00   8.2179641e+00   5.0947078e+01
   9.3400000e+00   9.9425629e+00   8.2179641e+00   5.0947078e+01
   9.3500000e+00   9.9425629e+00   8.2179641e+00   5.0947078e+01
   9.3600000e+00   9.9425629e+00   8.2179641e+00   5.0947078e+01
   9.3700000e+00   9.9425629e+00   8.2179641e+00   5.0947078e+01
   9.3800000e+00   9.9425629e+00   8.2179641e+00   5.0947078e+01
   9.3900000e+00   9.9425629e+00   8.2179641e+00   5.0947078e+01
   9.4000000e+00   9.9425629e+00   8.2179641e+00   5.0947078e+01
   9.4100000e+00   9.9425629e+00   8.2179641e+00   5.0947078e+01
   9.4200000e+00   9.9425629e+00   8.2179641e+00   5.0947078e+01
   9.4300000e+00   9.9425629e+00   8.2179641e+00   5.0947078e+01
   9.4400000e+00   9.9425629e+00   8.2179641e+00   5.0947078e+01
   9.4500000e+00   9.9425629e+00   8.2179641e+00   5.0947078e+01
   9.4600000e+00   9.9425629e+00   8.2179641e+00   5.0947078e+01
   9.4700000e+00   9.9425629e+00   8.2179641e+00   5.0947078e+01
   9.4800000e+00   9.9425629e+00   8.2179641e+00   5.0947078e+01
   9.4900000e+00   9.9425629e+00   8.2179641e+00   5.0947078e+01
   9.5000000e+00   9.9425629e+00   8.2179641e+00   5.0947078e+01
   9.5100000e+00   9.9425629e+00   8.2179641e+00   5.0947078e+01
   9.5200000e+00   9.9425629e+00   8.2179641e+00   5.0947078e+01
   9.5300000e+00   9.9425629e+00   8.2179641e+00   5.0947078e+01
   9.5400000e+00   9.9425629e+00   8.2179641e+00   5.0947078e+01
   9.5500000e+00   9.9425629e+00   8.2179641e+00   5.0947078e+01
   9.5600000e+00   9.9425629e+00   8.2179641e+00   5.0947078e+01
   9.5700000e+00   9.9425629e+00   8.2179641e+00   5.0947078e+01
   9.5800000e+00   9.9425629e+00   8.2179641e+00   5.0947078e+01
   9.5900000e+00   9.9425629e+00   8.2179641e+00   5.0947078e+01
   9.6000000e+00   9.9425629e+00   8.2179641e+00   5.0947078e+01
   9.6100000e+00   9.9425629e+00   8.2179641e+00   5.0947078e+01
   9.6200000e+00   9.9425629e+00   8.2179641e+00   5.0947078e+01
   9.6300000e+00   9.9425629e+00   8.2179641e+00   5.0947078e+01
   9.6400000e+00   9.9425629e+00   8.2179641e+00   5.0947078e+01
   9.6500000e+00   9.9425629e+00   8.2179641e+00   5.0947078e+01
   9.6600000e+00   9.9425629e+00   8.2179641e+00   5.0947078e+01
   9.6700000e+00   9.9425629e+00   8.2179641e+00   5.0947078e+01
   9.6800000e+00   9.9425629e+00   8.2179641e+00   5.0947078e+01
   9.6900000e+00   9.9425629e+00   8.2179641e+00   5.0947078e+01
   9.7000000e+00   9.9425629e+00   8.2179641e+00   5.0947078e+01
   9.7100000e+00   9.9425629e+00   8.2179641e+00   5.0947078e+01
   9.7200000e+00   9.9425629e+00   8.2179641e+00   5.0947078e+01
   9.7300000e+00   9.9425629e+00   8.2179641e+00   5.0947078e+01
   9.7400000e+00   9.9425629e+00   8.2179641e+00   5.0947078e+01
   9.7500000e+00   9.9425629e+00   8.2179641e+00   5.0947078e+01
   9.7600000e+00   9.9425629e+00   8.2179641e+00   5.0947078e+01
   9.7700000e+00   9.9425629e+00   8.2179641e+00   5.0947078e+01
   9.7800000e+00   9.9425629e+00   8.2179641e+00   5.0947078e+01
   9.7900000e+00   9.9425629e+00   8.2179641e+00   5.0947078e+01
   9.8000000e+00   9.9425629e+00   8.2179641e+00   5.0947078e+01
   9.8100000e+00   9.9425629e+00   8.2179641e+00   5.0947078e+01
   9.8200000e+00   9.9425629e+00   8.2179641e+00   5.0947078e+01
   9.8300000e+00   9.9425629e+00   8.2179641e+00   5.0947078e+01
   9.8400000e+00   9.9425629e+00   8.2179641e+00   5.0947078e+01
   9.8500000e+00   9.9425629e+00   8.2179641e+00   5.0947078e+01
   9.8600000e+00   9.9425629e+00   8.2179641e+00   5.0947078e+01
   9.8700000e+00   9.9425629e+00   8.2179641e+00   5.0947078e+01
   9.8800000e+00   9.9425629e+00   8.2179641e+00   5.0947078e+01
   9.8900000e+00   9.9425629e+00   8.2179641e+00   5.0947078e+01
   9.9000000e+00   9.9425629e+00   8.2179641e+00   5.0947078e+01
   9.9100000e+00   9.9425629e+00   8.2179641e+00   5.0947078e+01
   9.9200000e+00   9.9425629e+00   8.2179641e+00   5.0947078e+01
   9.9300000e+00   9.9425629e+00   8.2179641e+00   5.0947078e+01
   9.9400000e+00   9.9425629e+00   8.2179641e+00   5.0947078e+01
   9.9500000e+00   9.9425629e+00   8.2179641e+00   5.0947078e+01
   9.9600000e+00   9.9425629e+00   8.2179641e+00   5.0947078e+01
   9.9700000e+00   9.9425629e+00   8.2179641e+00   5.0947078e+01
   9.9800000e+00   9.9425629e+00   8.2179641e+00   5.0947078e+01
   9.9900000e+00   9.9425629e+00   8.2179641e+00   5.0947078e+01
   1.0000000e+01   9.9425629e+00   8.2179641e+00   5.0947078e+01
