   0.0000000e+00   0.0000000e+00   0.0000000e+00   4.0000000e-02  -1.0000000e-01
   1.0000000e-02   0.0000000e+00  -3.3829451e-02   3.9000000e-02  -1.7477353e-01
   2.0000000e-02  -3.3829451e-04  -6.7624120e-02   3.7252265e-02  -2.4970510e-01
   3.0000000e-02  -1.0145357e-03  -9.4683559e-02   3.4755214e-02  -3.0822680e-01
   4.0000000e-02  -1.9613713e-03  -1.1405368e-01   3.1672946e-02  -3.4813700e-01
   5.0000000e-02  -3.1019081e-03  -1.2636523e-01   2.8191576e-02  -3.7115591e-01
   6.0000000e-02  -4.3655604e-03  -1.3262310e-01   2.4480017e-02  -3.7989357e-01
   7.0000000e-02  -5.6917914e-03  -1.3385611e-01   2.0681081e-02  -3.7697845e-01
   8.0000000e-02  -7.0303525e-03  -1.3101839e-01   1.6911296e-02  -3.6481722e-01
   9.0000000e-02  -8.3405364e-03  -1.2496460e-01   1.3263124e-02  -3.4553943e-01
   1.0000000e-01  -9.5901824e-03  -1.1644741e-01   9.8077298e-03  -3.2099697e-01
   1.1000000e-01  -1.0754656e-02  -1.0612171e-01   6.5977601e-03  -2.9277979e-01
   1.2000000e-01  -1.1815874e-02  -9.4550998e-02   3.6699622e-03  -2.6223655e-01
   1.3000000e-01  -1.2761383e-02  -8.2214599e-02   1.0475967e-03  -2.3049641e-01
   1.4000000e-01  -1.3583529e-02  -6.9515000e-02  -1.2573673e-03  -1.9849074e-01
   1.5000000e-01  -1.4278679e-02  -5.6785208e-02  -3.2422748e-03  -1.6697432e-01
   1.6000000e-01  -1.4846532e-02  -4.4295916e-02  -4.9120180e-03  -1.3654546e-01
   1.7000000e-01  -1.5289491e-02  -3.2262406e-02  -6.2774725e-03  -1.0766514e-01
   1.8000000e-01  -1.5612115e-02  -2.0851120e-02  -7.3541239e-03  -8.0674918e-02
   1.9000000e-01  -1.5820626e-02  -1.0185834e-02  -8.1608731e-03  -5.5813484e-02
   2.0000000e-01  -1.5922484e-02  -3.5343916e-04  -8.7190079e-03  -3.3231930e-02
   2.1000000e-01  -1.5926019e-02   8.5907395e-03  -9.0513272e-03  -1.3007663e-02
   2.2000000e-01  -1.5840111e-02   1.6618051e-02  -9.1814039e-03   4.8430171e-03
   2.3000000e-01  -1.5673931e-02   2.3722080e-02  -9.1329737e-03   2.0353624e-02
   2.4000000e-01  -1.5436710e-02   2.9914651e-02  -8.9294375e-03   3.3597449e-02
   2.5000000e-01  -1.5137564e-02   3.5222246e-02  -8.5934630e-03   4.4678704e-02
   2.6000000e-01  -1.4785341e-02   3.9682845e-02  -8.1466759e-03   5.3724781e-02
   2.7000000e-01  -1.4388513e-02   4.3343138e-02  -7.6094281e-03   6.0879558e-02
   2.8000000e-01  -1.3955081e-02   4.6256110e-02  -7.0006325e-03   6.6297658e-02
   2.9000000e-01  -1.3492520e-02   4.8478955e-02  -6.3376560e-03   7.0139599e-02
   3.0000000e-01  -1.3007731e-02   5.0071308e-02  -5.6362600e-03   7.2567739e-02
   3.1000000e-01  -1.2507017e-02   5.1093751e-02  -4.9105826e-03   7.3742948e-02
   3.2000000e-01  -1.1996080e-02   5.1606581e-02  -4.1731531e-03   7.3821920e-02
   3.3000000e-01  -1.1480014e-02   5.1668813e-02  -3.4349339e-03   7.2955065e-02
   3.4000000e-01  -1.0963326e-02   5.1337372e-02  -2.7053833e-03   7.1284897e-02
   3.5000000e-01  -1.0449952e-02   5.0666488e-02  -1.9925343e-03   6.8944862e-02
   3.6000000e-01  -9.9432874e-03   4.9707231e-02  -1.3030857e-03   6.6058542e-02
   3.7000000e-01  -9.4462151e-03   4.8507191e-02  -6.4250025e-04   6.2739183e-02
   3.8000000e-01  -8.9611432e-03   4.7110280e-02  -1.5108415e-05   5.9089491e-02
   3.9000000e-01  -8.4900404e-03   4.5556623e-02   5.7578650e-04   5.5201648e-02
   4.0000000e-01  -8.0344742e-03   4.3882543e-02   1.1278030e-03   5.1157515e-02
   4.1000000e-01  -7.5956488e-03   4.2120604e-02   1.6393781e-03   4.7028982e-02
   4.2000000e-01  -7.1744427e-03   4.0299719e-02   2.1096679e-03   4.2878423e-02
   4.3000000e-01  -6.7714455e-03   3.8445297e-02   2.5384522e-03   3.8759242e-02
   4.4000000e-01  -6.3869926e-03   3.6579419e-02   2.9260446e-03   3.4716474e-02
   4.5000000e-01  -6.0211984e-03   3.4721046e-02   3.2732093e-03   3.0787429e-02
   4.6000000e-01  -5.6739879e-03   3.2886236e-02   3.5810836e-03   2.7002348e-02
   4.7000000e-01  -5.3451255e-03   3.1088375e-02   3.8511071e-03   2.3385071e-02
   4.8000000e-01  -5.0342418e-03   2.9338413e-02   4.0849578e-03   1.9953697e-02
   4.9000000e-01  -4.7408577e-03   2.7645094e-02   4.2844948e-03   1.6721223e-02
   5.0000000e-01  -4.4644067e-03   2.6015183e-02   4.4517070e-03   1.3696158e-02
   5.1000000e-01  -4.2042549e-03   2.4453692e-02   4.5886686e-03   1.0883111e-02
   5.2000000e-01  -3.9597180e-03   2.2964089e-02   4.6974997e-03   8.2833381e-03
   5.3000000e-01  -3.7300771e-03   2.1548495e-02   4.7803331e-03   5.8952515e-03
   5.4000000e-01  -3.5145921e-03   2.0207873e-02   4.8392856e-03   3.7148916e-03
   5.5000000e-01  -3.3125134e-03   1.8942204e-02   4.8764345e-03   1.7363546e-03
   5.6000000e-01  -3.1230914e-03   1.7750639e-02   4.8937981e-03  -4.7819557e-05
   5.7000000e-01  -2.9455850e-03   1.6631649e-02   4.8933199e-03  -1.6463002e-03
   5.8000000e-01  -2.7792685e-03   1.5583156e-02   4.8768569e-03  -3.0686572e-03
   5.9000000e-01  -2.6234369e-03   1.4602646e-02   4.8461703e-03  -4.3250900e-03
   6.0000000e-01  -2.4774105e-03   1.3687276e-02   4.8029194e-03  -5.4261920e-03
   6.1000000e-01  -2.3405377e-03   1.2833963e-02   4.7486575e-03  -6.3827474e-03
   6.2000000e-01  -2.2121981e-03   1.2039465e-02   4.6848300e-03  -7.2055593e-03
   6.3000000e-01  -2.0918034e-03   1.1300448e-02   4.6127744e-03  -7.9053052e-03
   6.4000000e-01  -1.9787989e-03   1.0613547e-02   4.5337214e-03  -8.4924187e-03
   6.5000000e-01  -1.8726635e-03   9.9754074e-03   4.4487972e-03  -8.9769935e-03
   6.6000000e-01  -1.7729094e-03   9.3827348e-03   4.3590272e-03  -9.3687086e-03
   6.7000000e-01  -1.6790821e-03   8.8323206e-03   4.2653402e-03  -9.6767717e-03
   6.8000000e-01  -1.5907588e-03   8.3210704e-03   4.1685724e-03  -9.9098782e-03
   6.9000000e-01  -1.5075481e-03   7.8460234e-03   4.0694737e-03  -1.0076185e-02
   7.0000000e-01  -1.4290879e-03   7.4043670e-03   3.9687118e-03  -1.0183295e-02
   7.1000000e-01  -1.3550442e-03   6.9934463e-03   3.8668789e-03  -1.0238252e-02
   7.2000000e-01  -1.2851098e-03   6.6107699e-03   3.7644963e-03  -1.0247548e-02
   7.3000000e-01  -1.2190021e-03   6.2540131e-03   3.6620209e-03  -1.0217129e-02
   7.4000000e-01  -1.1564619e-03   5.9210169e-03   3.5598496e-03  -1.0152415e-02
   7.5000000e-01  -1.0972518e-03   5.6097860e-03   3.4583254e-03  -1.0058321e-02
   7.6000000e-01  -1.0411539e-03   5.3184838e-03   3.3577422e-03  -9.9392776e-03
   7.7000000e-01  -9.8796908e-04   5.0454272e-03   3.2583494e-03  -9.7992639e-03
   7.8000000e-01  -9.3751481e-04   4.7890789e-03   3.1603568e-03  -9.6418309e-03
   7.9000000e-01  -8.8962402e-04   4.5480400e-03   3.0639385e-03  -9.4701329e-03
   8.0000000e-01  -8.4414362e-04   4.3210413e-03   2.9692372e-03  -9.2869570e-03
   8.1000000e-01  -8.0093320e-04   4.1069349e-03   2.8763676e-03  -9.0947524e-03
   8.2000000e-01  -7.5986386e-04   3.9046851e-03   2.7854201e-03  -8.8956598e-03
   8.3000000e-01  -7.2081700e-04   3.7133595e-03   2.6964635e-03  -8.6915389e-03
   8.4000000e-01  -6.8368341e-04   3.5321206e-03   2.6095481e-03  -8.4839960e-03
   8.5000000e-01  -6.4836220e-04   3.3602169e-03   2.5247081e-03  -8.2744093e-03
   8.6000000e-01  -6.1476003e-04   3.1969755e-03   2.4419640e-03  -8.0639531e-03
   8.7000000e-01  -5.8279028e-04   3.0417935e-03   2.3613245e-03  -7.8536207e-03
   8.8000000e-01  -5.5237234e-04   2.8941317e-03   2.2827883e-03  -7.6442448e-03
   8.9000000e-01  -5.2343103e-04   2.7535070e-03   2.2063458e-03  -7.4365176e-03
   9.0000000e-01  -4.9589596e-04   2.6194867e-03   2.1319807e-03  -7.2310081e-03
   9.1000000e-01  -4.6970109e-04   2.4916824e-03   2.0596706e-03  -7.0281784e-03
   9.2000000e-01  -4.4478427e-04   2.3697447e-03   1.9893888e-03  -6.8283983e-03
   9.3000000e-01  -4.2108682e-04   2.2533586e-03   1.9211048e-03  -6.6319583e-03
   9.4000000e-01  -3.9855323e-04   2.1422390e-03   1.8547852e-03  -6.4390817e-03
   9.5000000e-01  -3.7713084e-04   2.0361270e-03   1.7903944e-03  -6.2499347e-03
   9.6000000e-01  -3.5676957e-04   1.9347860e-03   1.7278951e-03  -6.0646360e-03
   9.7000000e-01  -3.3742171e-04   1.8379992e-03   1.6672487e-03  -5.8832644e-03
   9.8000000e-01  -3.1904172e-04   1.7455665e-03   1.6084161e-03  -5.7058660e-03
   9.9000000e-01  -3.0158606e-04   1.6573023e-03   1.5513574e-03  -5.5324607e-03
   1.0000000e+00  -2.8501303e-04   1.5730333e-03   1.4960328e-03  -5.3630466e-03
   1.0100000e+00  -2.6928270e-04   1.4925971e-03   1.4424023e-03  -5.1976054e-03
   1.0200000e+00  -2.5435673e-04   1.4158403e-03   1.3904263e-03  -5.0361054e-03
   1.0300000e+00  -2.4019833e-04   1.3426173e-03   1.3400652e-03  -4.8785049e-03
   1.0400000e+00  -2.2677215e-04   1.2727895e-03   1.2912802e-03  -4.7247549e-03
   1.0500000e+00  -2.1404426e-04   1.2062243e-03   1.2440326e-03  -4.5748012e-03
   1.0600000e+00  -2.0198201e-04   1.1427939e-03   1.1982846e-03  -4.4285860e-03
   1.0700000e+00  -1.9055408e-04   1.0823755e-03   1.1539988e-03  -4.2860493e-03
   1.0800000e+00  -1.7973032e-04   1.0248503e-03   1.1111383e-03  -4.1471299e-03
   1.0900000e+00  -1.6948182e-04   9.7010303e-04   1.0696670e-03  -4.0117663e-03
   1.1000000e+00  -1.5978079e-04   9.1802218e-04   1.0295493e-03  -3.8798973e-03
   1.1100000e+00  -1.5060057e-04   8.6849929e-04   9.9075033e-04  -3.7514624e-03
   1.1200000e+00  -1.4191557e-04   8.2142898e-04   9.5323570e-04  -3.6264019e-03
   1.1300000e+00  -1.3370128e-04   7.7670881e-04   9.1697168e-04  -3.5046572e-03
   1.1400000e+00  -1.2593419e-04   7.3423923e-04   8.8192511e-04  -3.3861708e-03
   1.1500000e+00  -1.1859180e-04   6.9392345e-04   8.4806340e-04  -3.2708863e-03
   1.1600000e+00  -1.1165257e-04   6.5566748e-04   8.1535454e-04  -3.1587486e-03
   1.1700000e+00  -1.0509589e-04   6.1938008e-04   7.8376705e-04  -3.0497032e-03
   1.1800000e+00  -9.8902092e-05   5.8497275e-04   7.5327002e-04  -2.9436967e-03
   1.1900000e+00  -9.3052364e-05   5.5235976e-04   7.2383305e-04  -2.8406761e-03
   1.2000000e+00  -8.7528767e-05   5.2145811e-04   6.9542629e-04  -2.7405893e-03
   1.2100000e+00  -8.2314186e-05   4.9218759e-04   6.6802040e-04  -2.6433844e-03
   1.2200000e+00  -7.7392310e-05   4.6447070e-04   6.4158656e-04  -2.5490100e-03
   1.2300000e+00  -7.2747603e-05   4.3823271e-04   6.1609646e-04  -2.4574146e-03
   1.2400000e+00  -6.8365276e-05   4.1340165e-04   5.9152231e-04  -2.3685471e-03
   1.2500000e+00  -6.4231259e-05   3.8990824e-04   5.6783684e-04  -2.2823562e-03
   1.2600000e+00  -6.0332177e-05   3.6768592e-04   5.4501328e-04  -2.1987906e-03
   1.2700000e+00  -5.6655318e-05   3.4667079e-04   5.2302537e-04  -2.1177988e-03
   1.2800000e+00  -5.3188610e-05   3.2680160e-04   5.0184738e-04  -2.0393292e-03
   1.2900000e+00  -4.9920594e-05   3.0801968e-04   4.8145409e-04  -1.9633302e-03
   1.3000000e+00  -4.6840397e-05   2.9026892e-04   4.6182079e-04  -1.8897496e-03
   1.3100000e+00  -4.3937708e-05   2.7349568e-04   4.4292329e-04  -1.8185355e-03
   1.3200000e+00  -4.1202751e-05   2.5764877e-04   4.2473794e-04  -1.7496354e-03
   1.3300000e+00  -3.8626263e-05   2.4267936e-04   4.0724158e-04  -1.6829971e-03
   1.3400000e+00  -3.6199470e-05   2.2854093e-04   3.9041161e-04  -1.6185680e-03
   1.3500000e+00  -3.3914061e-05   2.1518917e-04   3.7422593e-04  -1.5562955e-03
   1.3600000e+00  -3.1762169e-05   2.0258196e-04   3.5866298e-04  -1.4961273e-03
   1.3700000e+00  -2.9736349e-05   1.9067925e-04   3.4370171e-04  -1.4380107e-03
   1.3800000e+00  -2.7829557e-05   1.7944297e-04   3.2932160e-04  -1.3818936e-03
   1.3900000e+00  -2.6035127e-05   1.6883702e-04   3.1550266e-04  -1.3277239e-03
   1.4000000e+00  -2.4346757e-05   1.5882713e-04   3.0222542e-04  -1.2754497e-03
   1.4100000e+00  -2.2758485e-05   1.4938081e-04   2.8947093e-04  -1.2250195e-03
   1.4200000e+00  -2.1264677e-05   1.4046727e-04   2.7722073e-04  -1.1763822e-03
   1.4300000e+00  -1.9860005e-05   1.3205734e-04   2.6545691e-04  -1.1294873e-03
   1.4400000e+00  -1.8539431e-05   1.2412340e-04   2.5416204e-04  -1.0842846e-03
   1.4500000e+00  -1.7298197e-05   1.1663929e-04   2.4331919e-04  -1.0407245e-03
   1.4600000e+00  -1.6131804e-05   1.0958029e-04   2.3291195e-04  -9.9875819e-04
   1.4700000e+00  -1.5036001e-05   1.0292297e-04   2.2292436e-04  -9.5833747e-04
   1.4800000e+00  -1.4006772e-05   9.6645200e-05   2.1334099e-04  -9.1941487e-04
   1.4900000e+00  -1.3040320e-05   9.0726040e-05   2.0414684e-04  -8.8194370e-04
   1.5000000e+00  -1.2133059e-05   8.5145690e-05   1.9532740e-04  -8.4587808e-04
   1.5100000e+00  -1.1281602e-05   7.9885435e-05   1.8686862e-04  -8.1117302e-04
   1.5200000e+00  -1.0482748e-05   7.4927580e-05   1.7875689e-04  -7.7778438e-04
   1.5300000e+00  -9.7334722e-06   7.0255398e-05   1.7097905e-04  -7.4566895e-04
   1.5400000e+00  -9.0309182e-06   6.5853081e-05   1.6352236e-04  -7.1478445e-04
   1.5500000e+00  -8.3723874e-06   6.1705684e-05   1.5637451e-04  -6.8508955e-04
   1.5600000e+00  -7.7553306e-06   5.7799081e-05   1.4952362e-04  -6.5654391e-04
   1.5700000e+00  -7.1773398e-06   5.4119920e-05   1.4295818e-04  -6.2910816e-04
   1.5800000e+00  -6.6361406e-06   5.0655581e-05   1.3666710e-04  -6.0274389e-04
   1.5900000e+00  -6.1295847e-06   4.7394131e-05   1.3063966e-04  -5.7741374e-04
   1.6000000e+00  -5.6556434e-06   4.4324291e-05   1.2486552e-04  -5.5308129e-04
   1.6100000e+00  -5.2124005e-06   4.1435399e-05   1.1933471e-04  -5.2971116e-04
   1.6200000e+00  -4.7980465e-06   3.8717371e-05   1.1403760e-04  -5.0726893e-04
   1.6300000e+00  -4.4108728e-06   3.6160675e-05   1.0896491e-04  -4.8572117e-04
   1.6400000e+00  -4.0492661e-06   3.3756297e-05   1.0410770e-04  -4.6503544e-04
   1.6500000e+00  -3.7117031e-06   3.1495714e-05   9.9457341e-05  -4.4518025e-04
   1.6600000e+00  -3.3967460e-06   2.9370862e-05   9.5005539e-05  -4.2612508e-04
   1.6700000e+00  -3.1030373e-06   2.7374121e-05   9.0744288e-05  -4.0784034e-04
   1.6800000e+00  -2.8292961e-06   2.5498278e-05   8.6665885e-05  -3.9029737e-04
   1.6900000e+00  -2.5743134e-06   2.3736516e-05   8.2762911e-05  -3.7346842e-04
   1.7000000e+00  -2.3369482e-06   2.2082384e-05   7.9028227e-05  -3.5732663e-04
   1.7100000e+00  -2.1161244e-06   2.0529782e-05   7.5454960e-05  -3.4184602e-04
   1.7200000e+00  -1.9108265e-06   1.9072941e-05   7.2036500e-05  -3.2700147e-04
   1.7300000e+00  -1.7200971e-06   1.7706403e-05   6.8766486e-05  -3.1276869e-04
   1.7400000e+00  -1.5430331e-06   1.6425008e-05   6.5638799e-05  -2.9912422e-04
   1.7500000e+00  -1.3787830e-06   1.5223874e-05   6.2647556e-05  -2.8604538e-04
   1.7600000e+00  -1.2265443e-06   1.4098385e-05   5.9787103e-05  -2.7351030e-04
   1.7700000e+00  -1.0855604e-06   1.3044176e-05   5.7052000e-05  -2.6149783e-04
   1.7800000e+00  -9.5511867e-07   1.2057119e-05   5.4437021e-05  -2.4998759e-04
   1.7900000e+00  -8.3454748e-07   1.1133312e-05   5.1937145e-05  -2.3895990e-04
   1.8000000e+00  -7.2321436e-07   1.0269064e-05   4.9547546e-05  -2.2839579e-04
   1.8100000e+00  -6.2052372e-07   9.4608897e-06   4.7263588e-05  -2.1827696e-04
   1.8200000e+00  -5.2591482e-07   8.7054909e-06   4.5080819e-05  -2.0858575e-04
   1.8300000e+00  -4.3885991e-07   7.9997528e-06   4.2994961e-05  -1.9930519e-04
   1.8400000e+00  -3.5886238e-07   7.3407316e-06   4.1001909e-05  -1.9041887e-04
   1.8500000e+00  -2.8545507e-07   6.7256462e-06   3.9097721e-05  -1.8191101e-04
   1.8600000e+00  -2.1819861e-07   6.1518694e-06   3.7278611e-05  -1.7376641e-04
   1.8700000e+00  -1.5667991e-07   5.6169201e-06   3.5540947e-05  -1.6597043e-04
   1.8800000e+00  -1.0051071e-07   5.1184553e-06   3.3881242e-05  -1.5850897e-04
   1.8900000e+00  -4.9326159e-08   4.6542632e-06   3.2296152e-05  -1.5136847e-04
   1.9000000e+00  -2.7835271e-09   4.2222557e-06   3.0782468e-05  -1.4453585e-04
   1.9100000e+00   3.9439030e-08   3.8204627e-06   2.9337109e-05  -1.3799855e-04
   1.9200000e+00   7.7643657e-08   3.4470248e-06   2.7957124e-05  -1.3174448e-04
   1.9300000e+00   1.1211391e-07   3.1001886e-06   2.6639679e-05  -1.2576200e-04
   1.9400000e+00   1.4311579e-07   2.7783000e-06   2.5382059e-05  -1.2003994e-04
   1.9500000e+00   1.7089879e-07   2.4797996e-06   2.4181660e-05  -1.1456752e-04
   1.9600000e+00   1.9569679e-07   2.2032175e-06   2.3035985e-05  -1.0933441e-04
   1.9700000e+00   2.1772896e-07   1.9471682e-06   2.1942640e-05  -1.0433066e-04
   1.9800000e+00   2.3720064e-07   1.7103465e-06   2.0899334e-05  -9.9546709e-05
   1.9900000e+00   2.5430411e-07   1.4915228e-06   1.9903867e-05  -9.4973379e-05
   2.0000000e+00   2.6921934e-07   1.2895392e-06   1.8954133e-05  -9.0601841e-05
   2.0100000e+00   2.8211473e-07   1.1033057e-06   1.8048115e-05  -8.6423615e-05
   2.0200000e+00   2.9314779e-07   9.3179631e-07   1.7183878e-05  -8.2430555e-05
   2.0300000e+00   3.0246575e-07   7.7404550e-07   1.6359573e-05  -7.8614839e-05
   2.0400000e+00   3.1020620e-07   6.2914510e-07   1.5573425e-05  -7.4968954e-05
   2.0500000e+00   3.1649765e-07   4.9624103e-07   1.4823735e-05  -7.1485686e-05
   2.0600000e+00   3.2146006e-07   3.7453027e-07   1.4108878e-05  -6.8158111e-05
   2.0700000e+00   3.2520537e-07   2.6325808e-07   1.3427297e-05  -6.4979581e-05
   2.0800000e+00   3.2783795e-07   1.6171530e-07   1.2777501e-05  -6.1943716e-05
   2.0900000e+00   3.2945510e-07   6.9235772e-08   1.2158064e-05  -5.9044395e-05
   2.1000000e+00   3.3014746e-07  -1.4806059e-08   1.1567620e-05  -5.6275744e-05
   2.1100000e+00   3.2999940e-07  -9.0997434e-08   1.1004863e-05  -5.3632126e-05
   2.1200000e+00   3.2908942e-07  -1.5988946e-07   1.0468541e-05  -5.1108138e-05
   2.1300000e+00   3.2749053e-07  -2.2199915e-07   9.9574600e-06  -4.8698593e-05
   2.1400000e+00   3.2527054e-07  -2.7781139e-07   9.4704741e-06  -4.6398521e-05
   2.1500000e+00   3.2249242e-07  -3.2778078e-07   9.0064889e-06  -4.4203155e-05
   2.1600000e+00   3.1921462e-07  -3.7233335e-07   8.5644574e-06  -4.2107924e-05
   2.1700000e+00   3.1549128e-07  -4.1186825e-07   8.1433781e-06  -4.0108447e-05
   2.1800000e+00   3.1137260e-07  -4.4675927e-07   7.7422936e-06  -3.8200527e-05
   2.1900000e+00   3.0690501e-07  -4.7735636e-07   7.3602884e-06  -3.6380138e-05
   2.2000000e+00   3.0213144e-07  -5.0398698e-07   6.9964870e-06  -3.4643426e-05
   2.2100000e+00   2.9709157e-07  -5.2695747e-07   6.6500527e-06  -3.2986695e-05
   2.2200000e+00   2.9182200e-07  -5.4655424e-07   6.3201858e-06  -3.1406408e-05
   2.2300000e+00   2.8635646e-07  -5.6304500e-07   6.0061217e-06  -2.9899173e-05
   2.2400000e+00   2.8072601e-07  -5.7667984e-07   5.7071300e-06  -2.8461746e-05
   2.2500000e+00   2.7495921e-07  -5.8769229e-07   5.4225125e-06  -2.7091016e-05
   2.2600000e+00   2.6908229e-07  -5.9630032e-07   5.1516024e-06  -2.5784007e-05
   2.2700000e+00   2.6311928e-07  -6.0270726e-07   4.8937623e-06  -2.4537868e-05
   2.2800000e+00   2.5709221e-07  -6.0710271e-07   4.6483836e-06  -2.3349873e-05
   2.2900000e+00   2.5102118e-07  -6.0966335e-07   4.4148849e-06  -2.2217409e-05
   2.3000000e+00   2.4492455e-07  -6.1055373e-07   4.1927108e-06  -2.1137977e-05
   2.3100000e+00   2.3881901e-07  -6.0992701e-07   3.9813310e-06  -2.0109186e-05
   2.3200000e+00   2.3271974e-07  -6.0792570e-07   3.7802391e-06  -1.9128746e-05
   2.3300000e+00   2.2664048e-07  -6.0468226e-07   3.5889517e-06  -1.8194470e-05
   2.3400000e+00   2.2059366e-07  -6.0031975e-07   3.4070070e-06  -1.7304261e-05
   2.3500000e+00   2.1459046e-07  -5.9495242e-07   3.2339644e-06  -1.6456118e-05
   2.3600000e+00   2.0864094e-07  -5.8868625e-07   3.0694032e-06  -1.5648123e-05
   2.3700000e+00   2.0275408e-07  -5.8161950e-07   2.9129220e-06  -1.4878445e-05
   2.3800000e+00   1.9693788e-07  -5.7384315e-07   2.7641375e-06  -1.4145331e-05
   2.3900000e+00   1.9119945e-07  -5.6544140e-07   2.6226842e-06  -1.3447106e-05
   2.4000000e+00   1.8554504e-07  -5.5649210e-07   2.4882131e-06  -1.2782168e-05
   2.4100000e+00   1.7998012e-07  -5.4706713e-07   2.3603915e-06  -1.2148987e-05
   2.4200000e+00   1.7450945e-07  -5.3723281e-07   2.2389016e-06  -1.1546100e-05
   2.4300000e+00   1.6913712e-07  -5.2705029e-07   2.1234406e-06  -1.0972107e-05
   2.4400000e+00   1.6386661e-07  -5.1657582e-07   2.0137195e-06  -1.0425673e-05
   2.4500000e+00   1.5870086e-07  -5.0586111e-07   1.9094628e-06  -9.9055195e-06
   2.4600000e+00   1.5364224e-07  -4.9495365e-07   1.8104076e-06  -9.4104277e-06
   2.4700000e+00   1.4869271e-07  -4.8389697e-07   1.7163033e-06  -8.9392316e-06
   2.4800000e+00   1.4385374e-07  -4.7273088e-07   1.6269110e-06  -8.4908178e-06
   2.4900000e+00   1.3912643e-07  -4.6149177e-07   1.5420028e-06  -8.0641228e-06
   2.5000000e+00   1.3451151e-07  -4.5021283e-07   1.4613616e-06  -7.6581309e-06
   2.5100000e+00   1.3000938e-07  -4.3892423e-07   1.3847803e-06  -7.2718721e-06
   2.5200000e+00   1.2562014e-07  -4.2765339e-07   1.3120616e-06  -6.9044204e-06
   2.5300000e+00   1.2134361e-07  -4.1642512e-07   1.2430174e-06  -6.5548913e-06
   2.5400000e+00   1.1717936e-07  -4.0526184e-07   1.1774685e-06  -6.2224408e-06
   2.5500000e+00   1.1312674e-07  -3.9418373e-07   1.1152440e-06  -5.9062628e-06
   2.5600000e+00   1.0918490e-07  -3.8320890e-07   1.0561814e-06  -5.6055881e-06
   2.5700000e+00   1.0535281e-07  -3.7235352e-07   1.0001255e-06  -5.3196826e-06
   2.5800000e+00   1.0162928e-07  -3.6163200e-07   9.4692871e-07  -5.0478455e-06
   2.5900000e+00   9.8012957e-08  -3.5105708e-07   8.9645026e-07  -4.7894083e-06
   2.6000000e+00   9.4502386e-08  -3.4063999e-07   8.4855617e-07  -4.5437331e-06
   2.6100000e+00   9.1095986e-08  -3.3039052e-07   8.0311884e-07  -4.3102110e-06
   2.6200000e+00   8.7792081e-08  -3.2031719e-07   7.6001673e-07  -4.0882616e-06
   2.6300000e+00   8.4588909e-08  -3.1042728e-07   7.1913412e-07  -3.8773308e-06
   2.6400000e+00   8.1484636e-08  -3.0072700e-07   6.8036081e-07  -3.6768904e-06
   2.6500000e+00   7.8477366e-08  -2.9122150e-07   6.4359190e-07  -3.4864366e-06
   2.6600000e+00   7.5565151e-08  -2.8191503e-07   6.0872754e-07  -3.3054888e-06
   2.6700000e+00   7.2746001e-08  -2.7281095e-07   5.7567265e-07  -3.1335888e-06
   2.6800000e+00   7.0017891e-08  -2.6391184e-07   5.4433676e-07  -2.9702998e-06
   2.6900000e+00   6.7378773e-08  -2.5521958e-07   5.1463376e-07  -2.8152053e-06
   2.7000000e+00   6.4826577e-08  -2.4673535e-07   4.8648171e-07  -2.6679081e-06
   2.7100000e+00   6.2359224e-08  -2.3845977e-07   4.5980263e-07  -2.5280300e-06
   2.7200000e+00   5.9974626e-08  -2.3039290e-07   4.3452233e-07  -2.3952100e-06
   2.7300000e+00   5.7670697e-08  -2.2253428e-07   4.1057023e-07  -2.2691044e-06
   2.7400000e+00   5.5445354e-08  -2.1488304e-07   3.8787919e-07  -2.1493856e-06
   2.7500000e+00   5.3296524e-08  -2.0743789e-07   3.6638533e-07  -2.0357413e-06
   2.7600000e+00   5.1222145e-08  -2.0019716e-07   3.4602792e-07  -1.9278741e-06
   2.7700000e+00   4.9220173e-08  -1.9315887e-07   3.2674918e-07  -1.8255007e-06
   2.7800000e+00   4.7288585e-08  -1.8632076e-07   3.0849417e-07  -1.7283511e-06
   2.7900000e+00   4.5425377e-08  -1.7968028e-07   2.9121066e-07  -1.6361680e-06
   2.8000000e+00   4.3628574e-08  -1.7323468e-07   2.7484898e-07  -1.5487067e-06
   2.8100000e+00   4.1896227e-08  -1.6698099e-07   2.5936191e-07  -1.4657338e-06
   2.8200000e+00   4.0226417e-08  -1.6091607e-07   2.4470457e-07  -1.3870272e-06
   2.8300000e+00   3.8617257e-08  -1.5503664e-07   2.3083430e-07  -1.3123754e-06
   2.8400000e+00   3.7066890e-08  -1.4933926e-07   2.1771055e-07  -1.2415769e-06
   2.8500000e+00   3.5573498e-08  -1.4382042e-07   2.0529478e-07  -1.1744402e-06
   2.8600000e+00   3.4135293e-08  -1.3847649e-07   1.9355038e-07  -1.1107826e-06
   2.8700000e+00   3.2750529e-08  -1.3330377e-07   1.8244255e-07  -1.0504305e-06
   2.8800000e+00   3.1417491e-08  -1.2829851e-07   1.7193825e-07  -9.9321848e-07
   2.8900000e+00   3.0134506e-08  -1.2345690e-07   1.6200606e-07  -9.3898916e-07
   2.9000000e+00   2.8899937e-08  -1.1877512e-07   1.5261617e-07  -8.8759281e-07
   2.9100000e+00   2.7712186e-08  -1.1424931e-07   1.4374024e-07  -8.3888695e-07
   2.9200000e+00   2.6569693e-08  -1.0987561e-07   1.3535137e-07  -7.9273600e-07
   2.9300000e+00   2.5470936e-08  -1.0565018e-07   1.2742401e-07  -7.4901098e-07
   2.9400000e+00   2.4414435e-08  -1.0156915e-07   1.1993390e-07  -7.0758921e-07
   2.9500000e+00   2.3398743e-08  -9.7628699e-08   1.1285801e-07  -6.6835398e-07
   2.9600000e+00   2.2422456e-08  -9.3825022e-08   1.0617447e-07  -6.3119429e-07
   2.9700000e+00   2.1484206e-08  -9.0154346e-08   9.9862527e-08  -5.9600459e-07
   2.9800000e+00   2.0582663e-08  -8.6612938e-08   9.3902481e-08  -5.6268450e-07
   2.9900000e+00   1.9716533e-08  -8.3197105e-08   8.8275636e-08  -5.3113858e-07
   3.0000000e+00   1.8884562e-08  -7.9903206e-08   8.2964251e-08  -5.0127608e-07
   3.0100000e+00   1.8085530e-08  -7.6727648e-08   7.7951490e-08  -4.7301073e-07
   3.0200000e+00   1.7318254e-08  -7.3666897e-08   7.3221382e-08  -4.4626054e-07
   3.0300000e+00   1.6581585e-08  -7.0717475e-08   6.8758777e-08  -4.2094757e-07
   3.0400000e+00   1.5874410e-08  -6.7875968e-08   6.4549301e-08  -3.9699773e-07
   3.0500000e+00   1.5195650e-08  -6.5139024e-08   6.0579324e-08  -3.7434063e-07
   3.0600000e+00   1.4544260e-08  -6.2503358e-08   5.6835918e-08  -3.5290938e-07
   3.0700000e+00   1.3919226e-08  -5.9965750e-08   5.3306824e-08  -3.3264042e-07
   3.0800000e+00   1.3319569e-08  -5.7523052e-08   4.9980420e-08  -3.1347337e-07
   3.0900000e+00   1.2744338e-08  -5.5172184e-08   4.6845686e-08  -2.9535087e-07
   3.1000000e+00   1.2192616e-08  -5.2910135e-08   4.3892178e-08  -2.7821843e-07
   3.1100000e+00   1.1663515e-08  -5.0733967e-08   4.1109993e-08  -2.6202432e-07
   3.1200000e+00   1.1156175e-08  -4.8640813e-08   3.8489750e-08  -2.4671939e-07
   3.1300000e+00   1.0669767e-08  -4.6627878e-08   3.6022556e-08  -2.3225696e-07
   3.1400000e+00   1.0203489e-08  -4.4692435e-08   3.3699986e-08  -2.1859274e-07
   3.1500000e+00   9.7565642e-09  -4.2831833e-08   3.1514059e-08  -2.0568465e-07
   3.1600000e+00   9.3282459e-09  -4.1043488e-08   2.9457213e-08  -1.9349277e-07
   3.1700000e+00   8.9178110e-09  -3.9324887e-08   2.7522285e-08  -1.8197917e-07
   3.1800000e+00   8.5245621e-09  -3.7673588e-08   2.5702493e-08  -1.7110790e-07
   3.1900000e+00   8.1478263e-09  -3.6087217e-08   2.3991414e-08  -1.6084479e-07
   3.2000000e+00   7.7869541e-09  -3.4563467e-08   2.2382966e-08  -1.5115746e-07
   3.2100000e+00   7.4413194e-09  -3.3100100e-08   2.0871392e-08  -1.4201516e-07
   3.2200000e+00   7.1103184e-09  -3.1694943e-08   1.9451240e-08  -1.3338873e-07
   3.2300000e+00   6.7933690e-09  -3.0345888e-08   1.8117353e-08  -1.2525049e-07
   3.2400000e+00   6.4899101e-09  -2.9050893e-08   1.6864848e-08  -1.1757420e-07
   3.2500000e+00   6.1994012e-09  -2.7807976e-08   1.5689106e-08  -1.1033498e-07
   3.2600000e+00   5.9213214e-09  -2.6615218e-08   1.4585756e-08  -1.0350922e-07
   3.2700000e+00   5.6551692e-09  -2.5470761e-08   1.3550664e-08  -9.7074527e-08
   3.2800000e+00   5.4004616e-09  -2.4372805e-08   1.2579918e-08  -9.1009691e-08
   3.2900000e+00   5.1567336e-09  -2.3319610e-08   1.1669822e-08  -8.5294591e-08
   3.3000000e+00   4.9235375e-09  -2.2309490e-08   1.0816876e-08  -7.9910156e-08
   3.3100000e+00   4.7004426e-09  -2.1340816e-08   1.0017774e-08  -7.4838310e-08
   3.3200000e+00   4.4870344e-09  -2.0412013e-08   9.2693910e-09  -7.0061922e-08
   3.3300000e+00   4.2829143e-09  -1.9521558e-08   8.5687718e-09  -6.5564760e-08
   3.3400000e+00   4.0876987e-09  -1.8667980e-08   7.9131242e-09  -6.1331445e-08
   3.3500000e+00   3.9010189e-09  -1.7849857e-08   7.2998097e-09  -5.7347403e-08
   3.3600000e+00   3.7225204e-09  -1.7065818e-08   6.7263357e-09  -5.3598833e-08
   3.3700000e+00   3.5518622e-09  -1.6314537e-08   6.1903474e-09  -5.0072662e-08
   3.3800000e+00   3.3887168e-09  -1.5594735e-08   5.6896208e-09  -4.6756508e-08
   3.3900000e+00   3.2327695e-09  -1.4905179e-08   5.2220557e-09  -4.3638646e-08
   3.4000000e+00   3.0837177e-09  -1.4244678e-08   4.7856692e-09  -4.0707977e-08
   3.4100000e+00   2.9412709e-09  -1.3612085e-08   4.3785894e-09  -3.7953992e-08
   3.4200000e+00   2.8051500e-09  -1.3006291e-08   3.9990495e-09  -3.5366743e-08
   3.4300000e+00   2.6750871e-09  -1.2426231e-08   3.6453821e-09  -3.2936816e-08
   3.4400000e+00   2.5508248e-09  -1.1870876e-08   3.3160139e-09  -3.0655300e-08
   3.4500000e+00   2.4321161e-09  -1.1339235e-08   3.0094609e-09  -2.8513765e-08
   3.4600000e+00   2.3187237e-09  -1.0830353e-08   2.7243233e-09  -2.6504235e-08
   3.4700000e+00   2.2104202e-09  -1.0343312e-08   2.4592809e-09  -2.4619166e-08
   3.4800000e+00   2.1069871e-09  -9.8772256e-09   2.2130893e-09  -2.2851421e-08
   3.4900000e+00   2.0082148e-09  -9.4312427e-09   1.9845751e-09  -2.1194251e-08
   3.5000000e+00   1.9139024e-09  -9.0045427e-09   1.7726325e-09  -1.9641276e-08
   3.5100000e+00   1.8238570e-09  -8.5963364e-09   1.5762198e-09  -1.8186460e-08
   3.5200000e+00   1.7378936e-09  -8.2058643e-09   1.3943552e-09  -1.6824102e-08
   3.5300000e+00   1.6558349e-09  -7.8323960e-09   1.2261142e-09  -1.5548811e-08
   3.5400000e+00   1.5775110e-09  -7.4752289e-09   1.0706261e-09  -1.4355492e-08
   3.5500000e+00   1.5027587e-09  -7.1336875e-09   9.2707113e-10  -1.3239333e-08
   3.5600000e+00   1.4314218e-09  -6.8071222e-09   7.9467780e-10  -1.2195785e-08
   3.5700000e+00   1.3633506e-09  -6.4949087e-09   6.7271996e-10  -1.1220553e-08
   3.5800000e+00   1.2984015e-09  -6.1964469e-09   5.6051443e-10  -1.0309580e-08
   3.5900000e+00   1.2364370e-09  -5.9111602e-09   4.5741862e-10  -9.4590363e-09
   3.6000000e+00   1.1773254e-09  -5.6384948e-09   3.6282826e-10  -8.6653038e-09
   3.6100000e+00   1.1209405e-09  -5.3779183e-09   2.7617522e-10  -7.9249688e-09
   3.6200000e+00   1.0671613e-09  -5.1289197e-09   1.9692554e-10  -7.2348087e-09
   3.6300000e+00   1.0158721e-09  -4.8910082e-09   1.2457745e-10  -6.5917827e-09
   3.6400000e+00   9.6696203e-10  -4.6637125e-09   5.8659622e-11  -5.9930216e-09
   3.6500000e+00   9.2032491e-10  -4.4465802e-09  -1.2705944e-12  -5.4358192e-09
   3.6600000e+00   8.7585911e-10  -4.2391771e-09  -5.5628786e-11  -4.9176226e-09
   3.6700000e+00   8.3346734e-10  -4.0410863e-09  -1.0480501e-10  -4.4360249e-09
   3.6800000e+00   7.9305647e-10  -3.8519080e-09  -1.4916526e-10  -3.9887568e-09
   3.6900000e+00   7.5453739e-10  -3.6712586e-09  -1.8905283e-10  -3.5736790e-09
   3.7000000e+00   7.1782481e-10  -3.4987698e-09  -2.2478962e-10  -3.1887755e-09
   3.7100000e+00   6.8283711e-10  -3.3340887e-09  -2.5667737e-10  -2.8321468e-09
   3.7200000e+00   6.4949622e-10  -3.1768767e-09  -2.8499884e-10  -2.5020034e-09
   3.7300000e+00   6.1772745e-10  -3.0268091e-09  -3.1001888e-10  -2.1966598e-09
   3.7400000e+00   5.8745936e-10  -2.8835747e-09  -3.3198547e-10  -1.9145290e-09
   3.7500000e+00   5.5862362e-10  -2.7468749e-09  -3.5113077e-10  -1.6541169e-09
   3.7600000e+00   5.3115487e-10  -2.6164238e-09  -3.6767193e-10  -1.4140170e-09
   3.7700000e+00   5.0499063e-10  -2.4919472e-09  -3.8181210e-10  -1.1929060e-09
   3.7800000e+00   4.8007116e-10  -2.3731824e-09  -3.9374116e-10  -9.8953899e-10
   3.7900000e+00   4.5633933e-10  -2.2598777e-09  -4.0363655e-10  -8.0274482e-10
   3.8000000e+00   4.3374056e-10  -2.1517919e-09  -4.1166400e-10  -6.3142239e-10
   3.8100000e+00   4.1222264e-10  -2.0486941e-09  -4.1797823e-10  -4.7453655e-10
   3.8200000e+00   3.9173570e-10  -1.9503630e-09  -4.2272359e-10  -3.3111438e-10
   3.8300000e+00   3.7223207e-10  -1.8565866e-09  -4.2603474e-10  -2.0024177e-10
   3.8400000e+00   3.5366620e-10  -1.7671621e-09  -4.2803715e-10  -8.1060050e-11
   3.8500000e+00   3.3599458e-10  -1.6818951e-09  -4.2884775e-10   2.7237125e-11
   3.8600000e+00   3.1917563e-10  -1.6005998e-09  -4.2857538e-10   1.2540674e-10
   3.8700000e+00   3.0316963e-10  -1.5230979e-09  -4.2732132e-10   2.1415925e-10
   3.8800000e+00   2.8793865e-10  -1.4492193e-09  -4.2517972e-10   2.9416119e-10
   3.8900000e+00   2.7344646e-10  -1.3788006e-09  -4.2223811e-10   3.6603774e-10
   3.9000000e+00   2.5965845e-10  -1.3116859e-09  -4.1857773e-10   4.3037507e-10
   3.9100000e+00   2.4654159e-10  -1.2477259e-09  -4.1427398e-10   4.8772259e-10
   3.9200000e+00   2.3406434e-10  -1.1867776e-09  -4.0939676e-10   5.3859508e-10
   3.9300000e+00   2.2219656e-10  -1.1287045e-09  -4.0401081e-10   5.8347472e-10
   3.9400000e+00   2.1090952e-10  -1.0733757e-09  -3.9817606e-10   6.2281293e-10
   3.9500000e+00   2.0017576e-10  -1.0206663e-09  -3.9194793e-10   6.5703222e-10
   3.9600000e+00   1.8996910e-10  -9.7045679e-10  -3.8537761e-10   6.8652787e-10
   3.9700000e+00   1.8026453e-10  -9.2263274e-10  -3.7851233e-10   7.1166952e-10
   3.9800000e+00   1.7103820e-10  -8.7708488e-10  -3.7139563e-10   7.3280269e-10
   3.9900000e+00   1.6226735e-10  -8.3370873e-10  -3.6406761e-10   7.5025021e-10
   4.0000000e+00   1.5393026e-10  -7.9240439e-10  -3.5656510e-10   7.6431358e-10
   4.0100000e+00   1.4600622e-10  -7.5307639e-10  -3.4892197e-10   7.7527423e-10
   4.0200000e+00   1.3847546e-10  -7.1563349e-10  -3.4116923e-10   7.8339473e-10
   4.0300000e+00   1.3131912e-10  -6.7998849e-10  -3.3333528e-10   7.8891992e-10
   4.0400000e+00   1.2451924e-10  -6.4605808e-10  -3.2544608e-10   7.9207798e-10
   4.0500000e+00   1.1805866e-10  -6.1376264e-10  -3.1752530e-10   7.9308146e-10
   4.0600000e+00   1.1192103e-10  -5.8302614e-10  -3.0959449e-10   7.9212823e-10
   4.0700000e+00   1.0609077e-10  -5.5377593e-10  -3.0167320e-10   7.8940234e-10
   4.0800000e+00   1.0055301e-10  -5.2594262e-10  -2.9377918e-10   7.8507493e-10
   4.0900000e+00   9.5293582e-11  -4.9945994e-10  -2.8592843e-10   7.7930498e-10
   4.1000000e+00   9.0298983e-11  -4.7426462e-10  -2.7813538e-10   7.7224011e-10
   4.1100000e+00   8.5556337e-11  -4.5029622e-10  -2.7041298e-10   7.6401724e-10
   4.1200000e+00   8.1053375e-11  -4.2749705e-10  -2.6277281e-10   7.5476331e-10
   4.1300000e+00   7.6778404e-11  -4.0581203e-10  -2.5522517e-10   7.4459586e-10
   4.1400000e+00   7.2720284e-11  -3.8518858e-10  -2.4777922e-10   7.3362369e-10
   4.1500000e+00   6.8868398e-11  -3.6557651e-10  -2.4044298e-10   7.2194734e-10
   4.1600000e+00   6.5212633e-11  -3.4692792e-10  -2.3322351e-10   7.0965968e-10
   4.1700000e+00   6.1743354e-11  -3.2919709e-10  -2.2612691e-10   6.9684641e-10
   4.1800000e+00   5.8451383e-11  -3.1234041e-10  -2.1915844e-10   6.8358646e-10
   4.1900000e+00   5.5327979e-11  -2.9631624e-10  -2.1232258e-10   6.6995250e-10
   4.2000000e+00   5.2364816e-11  -2.8108489e-10  -2.0562305e-10   6.5601132e-10
   4.2100000e+00   4.9553968e-11  -2.6660846e-10  -1.9906294e-10   6.4182423e-10
   4.2200000e+00   4.6887883e-11  -2.5285082e-10  -1.9264470e-10   6.2744741e-10
   4.2300000e+00   4.4359375e-11  -2.3977750e-10  -1.8637023e-10   6.1293227e-10
   4.2400000e+00   4.1961600e-11  -2.2735563e-10  -1.8024090e-10   5.9832578e-10
   4.2500000e+00   3.9688043e-11  -2.1555386e-10  -1.7425764e-10   5.8367074e-10
   4.2600000e+00   3.7532505e-11  -2.0434229e-10  -1.6842094e-10   5.6900609e-10
   4.2700000e+00   3.5489082e-11  -1.9369243e-10  -1.6273088e-10   5.5436720e-10
   4.2800000e+00   3.3552158e-11  -1.8357710e-10  -1.5718720e-10   5.3978605e-10
   4.2900000e+00   3.1716387e-11  -1.7397040e-10  -1.5178934e-10   5.2529155e-10
   4.3000000e+00   2.9976683e-11  -1.6484763e-10  -1.4653643e-10   5.1090970e-10
   4.3100000e+00   2.8328206e-11  -1.5618526e-10  -1.4142733e-10   4.9666383e-10
   4.3200000e+00   2.6766354e-11  -1.4796087e-10  -1.3646069e-10   4.8257477e-10
   4.3300000e+00   2.5286745e-11  -1.4015307e-10  -1.3163495e-10   4.6866105e-10
   4.3400000e+00   2.3885214e-11  -1.3274150e-10  -1.2694833e-10   4.5493908e-10
   4.3500000e+00   2.2557799e-11  -1.2570676e-10  -1.2239894e-10   4.4142327e-10
   4.3600000e+00   2.1300732e-11  -1.1903036e-10  -1.1798471e-10   4.2812623e-10
   4.3700000e+00   2.0110428e-11  -1.1269468e-10  -1.1370345e-10   4.1505887e-10
   4.3800000e+00   1.8983481e-11  -1.0668296e-10  -1.0955286e-10   4.0223056e-10
   4.3900000e+00   1.7916652e-11  -1.0097920e-10  -1.0553055e-10   3.8964922e-10
   4.4000000e+00   1.6906860e-11  -9.5568208e-11  -1.0163406e-10   3.7732146e-10
   4.4100000e+00   1.5951177e-11  -9.0435479e-11  -9.7860848e-11   3.6525268e-10
   4.4200000e+00   1.5046823e-11  -8.5567217e-11  -9.4208321e-11   3.5344718e-10
   4.4300000e+00   1.4191150e-11  -8.0950287e-11  -9.0673850e-11   3.4190823e-10
   4.4400000e+00   1.3381648e-11  -7.6572182e-11  -8.7254767e-11   3.3063818e-10
   4.4500000e+00   1.2615926e-11  -7.2420995e-11  -8.3948385e-11   3.1963851e-10
   4.4600000e+00   1.1891716e-11  -6.8485394e-11  -8.0752000e-11   3.0890995e-10
   4.4700000e+00   1.1206862e-11  -6.4754593e-11  -7.7662901e-11   2.9845251e-10
   4.4800000e+00   1.0559316e-11  -6.1218327e-11  -7.4678376e-11   2.8826557e-10
   4.4900000e+00   9.9471327e-12  -5.7866827e-11  -7.1795720e-11   2.7834793e-10
   4.5000000e+00   9.3684644e-12  -5.4690800e-11  -6.9012241e-11   2.6869786e-10
   4.5100000e+00   8.8215564e-12  -5.1681401e-11  -6.6325262e-11   2.5931319e-10
   4.5200000e+00   8.3047424e-12  -4.8830218e-11  -6.3732130e-11   2.5019129e-10
   4.5300000e+00   7.8164402e-12  -4.6129248e-11  -6.1230218e-11   2.4132918e-10
   4.5400000e+00   7.3551477e-12  -4.3570879e-11  -5.8816926e-11   2.3272355e-10
   4.5500000e+00   6.9194389e-12  -4.1147871e-11  -5.6489690e-11   2.2437078e-10
   4.5600000e+00   6.5079602e-12  -3.8853338e-11  -5.4245982e-11   2.1626700e-10
   4.5700000e+00   6.1194269e-12  -3.6680733e-11  -5.2083312e-11   2.0840811e-10
   4.5800000e+00   5.7526195e-12  -3.4623831e-11  -4.9999231e-11   2.0078982e-10
   4.5900000e+00   5.4063812e-12  -3.2676714e-11  -4.7991333e-11   1.9340768e-10
   4.6000000e+00   5.0796141e-12  -3.0833754e-11  -4.6057256e-11   1.8625708e-10
   4.6100000e+00   4.7712765e-12  -2.9089603e-11  -4.4194686e-11   1.7933331e-10
   4.6200000e+00   4.4803805e-12  -2.7439177e-11  -4.2401353e-11   1.7263157e-10
   4.6300000e+00   4.2059888e-12  -2.5877645e-11  -4.0675037e-11   1.6614696e-10
   4.6400000e+00   3.9472123e-12  -2.4400415e-11  -3.9013567e-11   1.5987455e-10
   4.6500000e+00   3.7032082e-12  -2.3003125e-11  -3.7414822e-11   1.5380936e-10
   4.6600000e+00   3.4731769e-12  -2.1681628e-11  -3.5876728e-11   1.4794637e-10
   4.6700000e+00   3.2563606e-12  -2.0431989e-11  -3.4397264e-11   1.4228058e-10
   4.6800000e+00   3.0520407e-12  -1.9250464e-11  -3.2974459e-11   1.3680698e-10
   4.6900000e+00   2.8595361e-12  -1.8133500e-11  -3.1606389e-11   1.3152056e-10
   4.7000000e+00   2.6782011e-12  -1.7077724e-11  -3.0291183e-11   1.2641636e-10
   4.7100000e+00   2.5074239e-12  -1.6079929e-11  -2.9027020e-11   1.2148943e-10
   4.7200000e+00   2.3466246e-12  -1.5137072e-11  -2.7812125e-11   1.1673488e-10
   4.7300000e+00   2.1952539e-12  -1.4246264e-11  -2.6644776e-11   1.1214786e-10
   4.7400000e+00   2.0527912e-12  -1.3404760e-11  -2.5523298e-11   1.0772358e-10
   4.7500000e+00   1.9187436e-12  -1.2609957e-11  -2.4446062e-11   1.0345732e-10
   4.7600000e+00   1.7926440e-12  -1.1859382e-11  -2.3411489e-11   9.9344412e-11
   4.7700000e+00   1.6740502e-12  -1.1150689e-11  -2.2418045e-11   9.5380271e-11
   4.7800000e+00   1.5625433e-12  -1.0481651e-11  -2.1464242e-11   9.1560388e-11
   4.7900000e+00   1.4577268e-12  -9.8501560e-12  -2.0548638e-11   8.7880333e-11
   4.8000000e+00   1.3592253e-12  -9.2541980e-12  -1.9669835e-11   8.4335761e-11
   4.8100000e+00   1.2666833e-12  -8.6918755e-12  -1.8826477e-11   8.0922408e-11
   4.8200000e+00   1.1797645e-12  -8.1613840e-12  -1.8017253e-11   7.7636103e-11
   4.8300000e+00   1.0981507e-12  -7.6610122e-12  -1.7240892e-11   7.4472761e-11
   4.8400000e+00   1.0215406e-12  -7.1891369e-12  -1.6496164e-11   7.1428387e-11
   4.8500000e+00   9.4964920e-13  -6.7442188e-12  -1.5781880e-11   6.8499081e-11
   4.8600000e+00   8.8220701e-13  -6.3247982e-12  -1.5096890e-11   6.5681032e-11
   4.8700000e+00   8.1895903e-13  -5.9294913e-12  -1.4440079e-11   6.2970524e-11
   4.8800000e+00   7.5966412e-13  -5.5569862e-12  -1.3810374e-11   6.0363931e-11
   4.8900000e+00   7.0409425e-13  -5.2060393e-12  -1.3206735e-11   5.7857722e-11
   4.9000000e+00   6.5203386e-13  -4.8754718e-12  -1.2628158e-11   5.5448458e-11
   4.9100000e+00   6.0327914e-13  -4.5641667e-12  -1.2073673e-11   5.3132790e-11
   4.9200000e+00   5.5763748e-13  -4.2710655e-12  -1.1542345e-11   5.0907463e-11
   4.9300000e+00   5.1492682e-13  -3.9951654e-12  -1.1033270e-11   4.8769310e-11
   4.9400000e+00   4.7497517e-13  -3.7355160e-12  -1.0545577e-11   4.6715255e-11
   4.9500000e+00   4.3762001e-13  -3.4912175e-12  -1.0078425e-11   4.4742308e-11
   4.9600000e+00   4.0270783e-13  -3.2614174e-12  -9.6310017e-12   4.2847569e-11
   4.9700000e+00   3.7009366e-13  -3.0453083e-12  -9.2025260e-12   4.1028222e-11
   4.9800000e+00   3.3964057e-13  -2.8421258e-12  -8.7922438e-12   3.9281537e-11
   4.9900000e+00   3.1121932e-13  -2.6511461e-12  -8.3994285e-12   3.7604864e-11
   5.0000000e+00   2.8470786e-13  -2.4716840e-12  -8.0233798e-12   3.5995639e-11
   5.0100000e+00   2.5999102e-13  -2.3030908e-12  -7.6634234e-12   3.4451374e-11
   5.0200000e+00   2.3696011e-13  -2.1447527e-12  -7.3189097e-12   3.2969661e-11
   5.0300000e+00   2.1551258e-13  -1.9960889e-12  -6.9892131e-12   3.1548169e-11
   5.0400000e+00   1.9555169e-13  -1.8565495e-12  -6.6737314e-12   3.0184643e-11
   5.0500000e+00   1.7698620e-13  -1.7256146e-12  -6.3718850e-12   2.8876899e-11
   5.0600000e+00   1.5973005e-13  -1.6027923e-12  -6.0831160e-12   2.7622827e-11
   5.0700000e+00   1.4370213e-13  -1.4876173e-12  -5.8068877e-12   2.6420386e-11
   5.0800000e+00   1.2882595e-13  -1.3796496e-12  -5.5426838e-12   2.5267603e-11
   5.0900000e+00   1.1502946e-13  -1.2784731e-12  -5.2900078e-12   2.4162573e-11
   5.1000000e+00   1.0224473e-13  -1.1836945e-12  -5.0483821e-12   2.3103455e-11
   5.1100000e+00   9.0407781e-14  -1.0949420e-12  -4.8173475e-12   2.2088470e-11
   5.1200000e+00   7.9458361e-14  -1.0118641e-12  -4.5964628e-12   2.1115902e-11
   5.1300000e+00   6.9339719e-14  -9.3412871e-13  -4.3853038e-12   2.0184096e-11
   5.1400000e+00   5.9998432e-14  -8.6142202e-13  -4.1834628e-12   1.9291452e-11
   5.1500000e+00   5.1384212e-14  -7.9344758e-13  -3.9905483e-12   1.8436430e-11
   5.1600000e+00   4.3449737e-14  -7.2992535e-13  -3.8061840e-12   1.7617541e-11
   5.1700000e+00   3.6150483e-14  -6.7059088e-13  -3.6300086e-12   1.6833352e-11
   5.1800000e+00   2.9444574e-14  -6.1519443e-13  -3.4616751e-12   1.6082482e-11
   5.1900000e+00   2.3292630e-14  -5.6350022e-13  -3.3008503e-12   1.5363599e-11
   5.2000000e+00   1.7657628e-14  -5.1528568e-13  -3.1472143e-12   1.4675419e-11
   5.2100000e+00   1.2504771e-14  -4.7034075e-13  -3.0004601e-12   1.4016706e-11
   5.2200000e+00   7.8013633e-15  -4.2846720e-13  -2.8602930e-12   1.3386269e-11
   5.2300000e+00   3.5166912e-15  -3.8947802e-13  -2.7264303e-12   1.2782963e-11
   5.2400000e+00  -3.7808899e-16  -3.5319678e-13  -2.5986007e-12   1.2205684e-11
   5.2500000e+00  -3.9100568e-15  -3.1945710e-13  -2.4765439e-12   1.1653370e-11
   5.2600000e+00  -7.1046278e-15  -2.8810208e-13  -2.3600102e-12   1.1124998e-11
   5.2700000e+00  -9.9856486e-15  -2.5898379e-13  -2.2487602e-12   1.0619585e-11
   5.2800000e+00  -1.2575487e-14  -2.3196281e-13  -2.1425643e-12   1.0136186e-11
   5.2900000e+00  -1.4895115e-14  -2.0690772e-13  -2.0412025e-12   9.6738897e-12
   5.3000000e+00  -1.6964192e-14  -1.8369473e-13  -1.9444636e-12   9.2318224e-12
   5.3100000e+00  -1.8801139e-14  -1.6220720e-13  -1.8521454e-12   8.8091428e-12
   5.3200000e+00  -2.0423211e-14  -1.4233527e-13  -1.7640539e-12   8.4050424e-12
   5.3300000e+00  -2.1846564e-14  -1.2397551e-13  -1.6800035e-12   8.0187442e-12
   5.3400000e+00  -2.3086319e-14  -1.0703054e-13  -1.5998161e-12   7.6495016e-12
   5.3500000e+00  -2.4156624e-14  -9.1408696e-14  -1.5233211e-12   7.2965972e-12
   5.3600000e+00  -2.5070711e-14  -7.7023743e-14  -1.4503551e-12   6.9593421e-12
   5.3700000e+00  -2.5840949e-14  -6.3794537e-14  -1.3807617e-12   6.6370745e-12
   5.3800000e+00  -2.6478894e-14  -5.1644764e-14  -1.3143909e-12   6.3291589e-12
   5.3900000e+00  -2.6995342e-14  -4.0502667e-14  -1.2510993e-12   6.0349851e-12
   5.4000000e+00  -2.7400368e-14  -3.0300786e-14  -1.1907495e-12   5.7539673e-12
   5.4100000e+00  -2.7703376e-14  -2.0975722e-14  -1.1332098e-12   5.4855434e-12
   5.4200000e+00  -2.7913133e-14  -1.2467908e-14  -1.0783544e-12   5.2291737e-12
   5.4300000e+00  -2.8037813e-14  -4.7213903e-15  -1.0260626e-12   4.9843405e-12
   5.4400000e+00  -2.8085026e-14   2.3163728e-15  -9.7621923e-13   4.7505470e-12
   5.4500000e+00  -2.8061863e-14   8.6947062e-15  -9.2871376e-13   4.5273166e-12
   5.4600000e+00  -2.7974916e-14   1.4459901e-14  -8.8344060e-13   4.3141924e-12
   5.4700000e+00  -2.7830317e-14   1.9655387e-14  -8.4029867e-13   4.1107360e-12
   5.4800000e+00  -2.7633763e-14   2.4321896e-14  -7.9919131e-13   3.9165270e-12
   5.4900000e+00  -2.7390544e-14   2.8497621e-14  -7.6002604e-13   3.7311624e-12
   5.5000000e+00  -2.7105568e-14   3.2218354e-14  -7.2271442e-13   3.5542560e-12
   5.5100000e+00  -2.6783384e-14   3.5517635e-14  -6.8717186e-13   3.3854373e-12
   5.5200000e+00  -2.6428208e-14   3.8426875e-14  -6.5331748e-13   3.2243516e-12
   5.5300000e+00  -2.6043939e-14   4.0975482e-14  -6.2107397e-13   3.0706587e-12
   5.5400000e+00  -2.5634184e-14   4.3190981e-14  -5.9036738e-13   2.9240328e-12
   5.5500000e+00  -2.5202274e-14   4.5099119e-14  -5.6112705e-13   2.7841617e-12
   5.5600000e+00  -2.4751283e-14   4.6723975e-14  -5.3328544e-13   2.6507463e-12
   5.5700000e+00  -2.4284043e-14   4.8088055e-14  -5.0677797e-13   2.5235002e-12
   5.5800000e+00  -2.3803163e-14   4.9212387e-14  -4.8154297e-13   2.4021492e-12
   5.5900000e+00  -2.3311039e-14   5.0116608e-14  -4.5752148e-13   2.2864305e-12
   5.6000000e+00  -2.2809873e-14   5.0819047e-14  -4.3465717e-13   2.1760927e-12
   5.6100000e+00  -2.2301682e-14   5.1336803e-14  -4.1289625e-13   2.0708950e-12
   5.6200000e+00  -2.1788314e-14   5.1685823e-14  -3.9218730e-13   1.9706069e-12
   5.6300000e+00  -2.1271456e-14   5.1880966e-14  -3.7248123e-13   1.8750079e-12
   5.6400000e+00  -2.0752647e-14   5.1936073e-14  -3.5373115e-13   1.7838868e-12
   5.6500000e+00  -2.0233286e-14   5.1864027e-14  -3.3589228e-13   1.6970417e-12
   5.6600000e+00  -1.9714646e-14   5.1676813e-14  -3.1892186e-13   1.6142792e-12
   5.6700000e+00  -1.9197877e-14   5.1385572e-14  -3.0277907e-13   1.5354145e-12
   5.6800000e+00  -1.8684022e-14   5.1000657e-14  -2.8742493e-13   1.4602705e-12
   5.6900000e+00  -1.8174015e-14   5.0531676e-14  -2.7282222e-13   1.3886783e-12
   5.7000000e+00  -1.7668698e-14   4.9987543e-14  -2.5893544e-13   1.3204758e-12
   5.7100000e+00  -1.7168823e-14   4.9376520e-14  -2.4573068e-13   1.2555084e-12
   5.7200000e+00  -1.6675058e-14   4.8706259e-14  -2.3317560e-13   1.1936281e-12
   5.7300000e+00  -1.6187995e-14   4.7983839e-14  -2.2123932e-13   1.1346935e-12
   5.7400000e+00  -1.5708157e-14   4.7215804e-14  -2.0989238e-13   1.0785692e-12
   5.7500000e+00  -1.5235999e-14   4.6408198e-14  -1.9910669e-13   1.0251260e-12
   5.7600000e+00  -1.4771917e-14   4.5566596e-14  -1.8885543e-13   9.7424039e-13
   5.7700000e+00  -1.4316251e-14   4.4696134e-14  -1.7911302e-13   9.2579419e-13
   5.7800000e+00  -1.3869289e-14   4.3801539e-14  -1.6985508e-13   8.7967456e-13
   5.7900000e+00  -1.3431274e-14   4.2887156e-14  -1.6105834e-13   8.3577368e-13
   5.8000000e+00  -1.3002402e-14   4.1956973e-14  -1.5270060e-13   7.9398853e-13
   5.8100000e+00  -1.2582833e-14   4.1014642e-14  -1.4476072e-13   7.5422067e-13
   5.8200000e+00  -1.2172686e-14   4.0063507e-14  -1.3721851e-13   7.1637610e-13
   5.8300000e+00  -1.1772051e-14   3.9106622e-14  -1.3005475e-13   6.8036501e-13
   5.8400000e+00  -1.1380985e-14   3.8146768e-14  -1.2325110e-13   6.4610164e-13
   5.8500000e+00  -1.0999517e-14   3.7186477e-14  -1.1679008e-13   6.1350408e-13
   5.8600000e+00  -1.0627653e-14   3.6228045e-14  -1.1065504e-13   5.8249414e-13
   5.8700000e+00  -1.0265372e-14   3.5273553e-14  -1.0483010e-13   5.5299715e-13
   5.8800000e+00  -9.9126366e-15   3.4324877e-14  -9.9300127e-14   5.2494182e-13
   5.8900000e+00  -9.5693878e-15   3.3383704e-14  -9.4050709e-14   4.9826011e-13
   5.9000000e+00  -9.2355508e-15   3.2451551e-14  -8.9068108e-14   4.7288707e-13
   5.9100000e+00  -8.9110353e-15   3.1529768e-14  -8.4339237e-14   4.4876070e-13
   5.9200000e+00  -8.5957376e-15   3.0619557e-14  -7.9851630e-14   4.2582185e-13
   5.9300000e+00  -8.2895420e-15   2.9721983e-14  -7.5593412e-14   4.0401407e-13
   5.9400000e+00  -7.9923222e-15   2.8837980e-14  -7.1553271e-14   3.8328348e-13
   5.9500000e+00  -7.7039424e-15   2.7968364e-14  -6.7720436e-14   3.6357871e-13
   5.9600000e+00  -7.4242588e-15   2.7113841e-14  -6.4084649e-14   3.4485073e-13
   5.9700000e+00  -7.1531203e-15   2.6275016e-14  -6.0636142e-14   3.2705277e-13
   5.9800000e+00  -6.8903702e-15   2.5452403e-14  -5.7365614e-14   3.1014023e-13
   5.9900000e+00  -6.6358462e-15   2.4646426e-14  -5.4264212e-14   2.9407057e-13
   6.0000000e+00  -6.3893819e-15   2.3857435e-14  -5.1323506e-14   2.7880322e-13
   6.0100000e+00  -6.1508076e-15   2.3085704e-14  -4.8535474e-14   2.6429951e-13
   6.0200000e+00  -5.9199505e-15   2.2331442e-14  -4.5892479e-14   2.5052254e-13
   6.0300000e+00  -5.6966361e-15   2.1594800e-14  -4.3387253e-14   2.3743716e-13
   6.0400000e+00  -5.4806881e-15   2.0875870e-14  -4.1012882e-14   2.2500985e-13
   6.0500000e+00  -5.2719294e-15   2.0174695e-14  -3.8762783e-14   2.1320866e-13
   6.0600000e+00  -5.0701824e-15   1.9491274e-14  -3.6630696e-14   2.0200313e-13
   6.0700000e+00  -4.8752697e-15   1.8825562e-14  -3.4610665e-14   1.9136424e-13
   6.0800000e+00  -4.6870141e-15   1.8177478e-14  -3.2697023e-14   1.8126433e-13
   6.0900000e+00  -4.5052393e-15   1.7546907e-14  -3.0884380e-14   1.7167705e-13
   6.1000000e+00  -4.3297702e-15   1.6933702e-14  -2.9167609e-14   1.6257728e-13
   6.1100000e+00  -4.1604332e-15   1.6337692e-14  -2.7541836e-14   1.5394112e-13
   6.1200000e+00  -3.9970563e-15   1.5758677e-14  -2.6002425e-14   1.4574577e-13
   6.1300000e+00  -3.8394695e-15   1.5196441e-14  -2.4544967e-14   1.3796951e-13
   6.1400000e+00  -3.6875051e-15   1.4650744e-14  -2.3165272e-14   1.3059169e-13
   6.1500000e+00  -3.5409977e-15   1.4121332e-14  -2.1859355e-14   1.2359261e-13
   6.1600000e+00  -3.3997843e-15   1.3607935e-14  -2.0623429e-14   1.1695353e-13
   6.1700000e+00  -3.2637050e-15   1.3110272e-14  -1.9453894e-14   1.1065658e-13
   6.1800000e+00  -3.1326023e-15   1.2628050e-14  -1.8347328e-14   1.0468477e-13
   6.1900000e+00  -3.0063218e-15   1.2160966e-14  -1.7300480e-14   9.9021919e-14
   6.2000000e+00  -2.8847121e-15   1.1708713e-14  -1.6310261e-14   9.3652624e-14
   6.2100000e+00  -2.7676250e-15   1.1270974e-14  -1.5373735e-14   8.8562222e-14
   6.2200000e+00  -2.6549152e-15   1.0847429e-14  -1.4488113e-14   8.3736756e-14
   6.2300000e+00  -2.5464409e-15   1.0437754e-14  -1.3650745e-14   7.9162945e-14
   6.2400000e+00  -2.4420634e-15   1.0041624e-14  -1.2859116e-14   7.4828152e-14
   6.2500000e+00  -2.3416472e-15   9.6587093e-15  -1.2110834e-14   7.0720350e-14
   6.2600000e+00  -2.2450601e-15   9.2886827e-15  -1.1403631e-14   6.6828099e-14
   6.2700000e+00  -2.1521732e-15   8.9312156e-15  -1.0735350e-14   6.3140513e-14
   6.2800000e+00  -2.0628611e-15   8.5859811e-15  -1.0103945e-14   5.9647239e-14
   6.2900000e+00  -1.9770013e-15   8.2526534e-15  -9.5074723e-15   5.6338429e-14
   6.3000000e+00  -1.8944747e-15   7.9309094e-15  -8.9440880e-15   5.3204714e-14
   6.3100000e+00  -1.8151657e-15   7.6204287e-15  -8.4120409e-15   5.0237188e-14
   6.3200000e+00  -1.7389614e-15   7.3208941e-15  -7.9096690e-15   4.7427381e-14
   6.3300000e+00  -1.6657524e-15   7.0319923e-15  -7.4353952e-15   4.4767238e-14
   6.3400000e+00  -1.5954325e-15   6.7534140e-15  -6.9877228e-15   4.2249101e-14
   6.3500000e+00  -1.5278984e-15   6.4848545e-15  -6.5652318e-15   3.9865693e-14
   6.3600000e+00  -1.4630498e-15   6.2260137e-15  -6.1665748e-15   3.7610093e-14
   6.3700000e+00  -1.4007897e-15   5.9765969e-15  -5.7904739e-15   3.5475725e-14
   6.3800000e+00  -1.3410237e-15   5.7363142e-15  -5.4357167e-15   3.3456337e-14
   6.3900000e+00  -1.2836606e-15   5.5048815e-15  -5.1011533e-15   3.1545991e-14
   6.4000000e+00  -1.2286118e-15   5.2820201e-15  -4.7856934e-15   2.9739043e-14
   6.4100000e+00  -1.1757916e-15   5.0674573e-15  -4.4883030e-15   2.8030129e-14
   6.4200000e+00  -1.1251170e-15   4.8609261e-15  -4.2080017e-15   2.6414155e-14
   6.4300000e+00  -1.0765077e-15   4.6621653e-15  -3.9438601e-15   2.4886282e-14
   6.4400000e+00  -1.0298861e-15   4.4709199e-15  -3.6949973e-15   2.3441913e-14
   6.4500000e+00  -9.8517687e-16   4.2869410e-15  -3.4605782e-15   2.2076682e-14
   6.4600000e+00  -9.4230746e-16   4.1099855e-15  -3.2398113e-15   2.0786443e-14
   6.4700000e+00  -9.0120760e-16   3.9398166e-15  -3.0319469e-15   1.9567259e-14
   6.4800000e+00  -8.6180944e-16   3.7762035e-15  -2.8362743e-15   1.8415392e-14
   6.4900000e+00  -8.2404740e-16   3.6189214e-15  -2.6521204e-15   1.7327292e-14
   6.5000000e+00  -7.8785819e-16   3.4677515e-15  -2.4788475e-15   1.6299592e-14
   6.5100000e+00  -7.5318067e-16   3.3224812e-15  -2.3158515e-15   1.5329092e-14
   6.5200000e+00  -7.1995586e-16   3.1829034e-15  -2.1625606e-15   1.4412758e-14
   6.5300000e+00  -6.8812683e-16   3.0488173e-15  -2.0184330e-15   1.3547710e-14
   6.5400000e+00  -6.5763865e-16   2.9200274e-15  -1.8829559e-15   1.2731214e-14
   6.5500000e+00  -6.2843838e-16   2.7963444e-15  -1.7556438e-15   1.1960678e-14
   6.5600000e+00  -6.0047494e-16   2.6775841e-15  -1.6360370e-15   1.1233640e-14
   6.5700000e+00  -5.7369909e-16   2.5635683e-15  -1.5237006e-15   1.0547767e-14
   6.5800000e+00  -5.4806341e-16   2.4541240e-15  -1.4182229e-15   9.9008461e-15
   6.5900000e+00  -5.2352217e-16   2.3490835e-15  -1.3192145e-15   9.2907766e-15
   6.6000000e+00  -5.0003134e-16   2.2482843e-15  -1.2263067e-15   8.7155678e-15
   6.6100000e+00  -4.7754849e-16   2.1515692e-15  -1.1391510e-15   8.1733320e-15
   6.6200000e+00  -4.5603280e-16   2.0587860e-15  -1.0574177e-15   7.6622790e-15
   6.6300000e+00  -4.3544494e-16   1.9697872e-15  -9.8079493e-16   7.1807122e-15
   6.6400000e+00  -4.1574707e-16   1.8844304e-15  -9.0898781e-16   6.7270228e-15
   6.6500000e+00  -3.9690276e-16   1.8025776e-15  -8.4171758e-16   6.2996866e-15
   6.6600000e+00  -3.7887699e-16   1.7240956e-15  -7.7872071e-16   5.8972586e-15
   6.6700000e+00  -3.6163603e-16   1.6488555e-15  -7.1974813e-16   5.5183698e-15
   6.6800000e+00  -3.4514748e-16   1.5767328e-15  -6.6456443e-16   5.1617231e-15
   6.6900000e+00  -3.2938015e-16   1.5076074e-15  -6.1294720e-16   4.8260897e-15
   6.7000000e+00  -3.1430408e-16   1.4413632e-15  -5.6468630e-16   4.5103055e-15
   6.7100000e+00  -2.9989044e-16   1.3778880e-15  -5.1958324e-16   4.2132679e-15
   6.7200000e+00  -2.8611156e-16   1.3170737e-15  -4.7745056e-16   3.9339330e-15
   6.7300000e+00  -2.7294083e-16   1.2588159e-15  -4.3811123e-16   3.6713119e-15
   6.7400000e+00  -2.6035267e-16   1.2030140e-15  -4.0139812e-16   3.4244687e-15
   6.7500000e+00  -2.4832253e-16   1.1495708e-15  -3.6715343e-16   3.1925172e-15
   6.7600000e+00  -2.3682682e-16   1.0983927e-15  -3.3522826e-16   2.9746185e-15
   6.7700000e+00  -2.2584289e-16   1.0493895e-15  -3.0548207e-16   2.7699788e-15
   6.7800000e+00  -2.1534900e-16   1.0024743e-15  -2.7778228e-16   2.5778468e-15
   6.7900000e+00  -2.0532426e-16   9.5756316e-16  -2.5200382e-16   2.3975117e-15
   6.8000000e+00  -1.9574862e-16   9.1457549e-16  -2.2802870e-16   2.2283009e-15
   6.8100000e+00  -1.8660287e-16   8.7343353e-16  -2.0574569e-16   2.0695784e-15
   6.8200000e+00  -1.7786853e-16   8.3406242e-16  -1.8504991e-16   1.9207425e-15
   6.8300000e+00  -1.6952791e-16   7.9639013e-16  -1.6584248e-16   1.7812240e-15
   6.8400000e+00  -1.6156401e-16   7.6034731e-16  -1.4803024e-16   1.6504852e-15
   6.8500000e+00  -1.5396053e-16   7.2586722e-16  -1.3152539e-16   1.5280172e-15
   6.8600000e+00  -1.4670186e-16   6.9288567e-16  -1.1624522e-16   1.4133392e-15
   6.8700000e+00  -1.3977301e-16   6.6134090e-16  -1.0211183e-16   1.3059969e-15
   6.8800000e+00  -1.3315960e-16   6.3117351e-16  -8.9051856e-17   1.2055608e-15
   6.8900000e+00  -1.2684786e-16   6.0232639e-16  -7.6996248e-17   1.1116251e-15
   6.9000000e+00  -1.2082460e-16   5.7474464e-16  -6.5879997e-17   1.0238064e-15
   6.9100000e+00  -1.1507715e-16   5.4837549e-16  -5.5641933e-17   9.4174278e-16
   6.9200000e+00  -1.0959340e-16   5.2316820e-16  -4.6224505e-17   8.6509215e-16
   6.9300000e+00  -1.0436171e-16   4.9907404e-16  -3.7573584e-17   7.9353163e-16
   6.9400000e+00  -9.9370974e-17   4.7604618e-16  -2.9638267e-17   7.2675637e-16
   6.9500000e+00  -9.4610512e-17   4.5403965e-16  -2.2370704e-17   6.6447860e-16
   6.9600000e+00  -9.0070116e-17   4.3301125e-16  -1.5725918e-17   6.0642672e-16
   6.9700000e+00  -8.5740003e-17   4.1291949e-16  -9.6616505e-18   5.5234443e-16
   6.9800000e+00  -8.1610808e-17   3.9372455e-16  -4.1382062e-18   5.0198995e-16
   6.9900000e+00  -7.7673563e-17   3.7538819e-16   8.8169327e-19   4.5513516e-16
   7.0000000e+00  -7.3919681e-17   3.5787370e-16   5.4330449e-18   4.1156497e-16
   7.0100000e+00  -7.0340944e-17   3.4114587e-16   9.5486946e-18   3.7107651e-16
   7.0200000e+00  -6.6929485e-17   3.2517091e-16   1.3259460e-17   3.3347856e-16
   7.0300000e+00  -6.3677776e-17   3.0991639e-16   1.6594245e-17   2.9859084e-16
   7.0400000e+00  -6.0578612e-17   2.9535120e-16   1.9580154e-17   2.6624350e-16
   7.0500000e+00  -5.7625100e-17   2.8144551e-16   2.2242589e-17   2.3627647e-16
   7.0600000e+00  -5.4810645e-17   2.6817071e-16   2.4605353e-17   2.0853896e-16
   7.0700000e+00  -5.2128938e-17   2.5549937e-16   2.6690743e-17   1.8288898e-16
   7.0800000e+00  -4.9573945e-17   2.4340518e-16   2.8519633e-17   1.5919280e-16
   7.0900000e+00  -4.7139893e-17   2.3186293e-16   3.0111561e-17   1.3732456e-16
   7.1000000e+00  -4.4821264e-17   2.2084844e-16   3.1484806e-17   1.1716576e-16
   7.1100000e+00  -4.2612779e-17   2.1033857e-16   3.2656464e-17   9.8604926e-17
   7.1200000e+00  -4.0509394e-17   2.0031110e-16   3.3642513e-17   8.1537177e-17
   7.1300000e+00  -3.8506282e-17   1.9074478e-16   3.4457885e-17   6.5863872e-17
   7.1400000e+00  -3.6598835e-17   1.8161923e-16   3.5116524e-17   5.1492257e-17
   7.1500000e+00  -3.4782642e-17   1.7291493e-16   3.5631446e-17   3.8335140e-17
   7.1600000e+00  -3.3053493e-17   1.6461318e-16   3.6014798e-17   2.6310580e-17
   7.1700000e+00  -3.1407361e-17   1.5669610e-16   3.6277903e-17   1.5341585e-17
   7.1800000e+00  -2.9840400e-17   1.4914653e-16   3.6431319e-17   5.3558413e-18
   7.1900000e+00  -2.8348935e-17   1.4194807e-16   3.6484878e-17  -3.7145577e-18
   7.2000000e+00  -2.6929454e-17   1.3508499e-16   3.6447732e-17  -1.1933358e-17
   7.2100000e+00  -2.5578604e-17   1.2854227e-16   3.6328398e-17  -1.9360384e-17
   7.2200000e+00  -2.4293182e-17   1.2230550e-16   3.6134795e-17  -2.6051761e-17
   7.2300000e+00  -2.3070127e-17   1.1636091e-16   3.5874277e-17  -3.2060125e-17
   7.2400000e+00  -2.1906518e-17   1.1069531e-16   3.5553676e-17  -3.7434830e-17
   7.2500000e+00  -2.0799565e-17   1.0529609e-16   3.5179327e-17  -4.2222129e-17
   7.2600000e+00  -1.9746604e-17   1.0015119e-16   3.4757106e-17  -4.6465359e-17
   7.2700000e+00  -1.8745092e-17   9.5249062e-17   3.4292453e-17  -5.0205107e-17
   7.2800000e+00  -1.7792601e-17   9.0578661e-17   3.3790402e-17  -5.3479372e-17
   7.2900000e+00  -1.6886814e-17   8.6129430e-17   3.3255608e-17  -5.6323717e-17
   7.3000000e+00  -1.6025520e-17   8.1891271e-17   3.2692371e-17  -5.8771408e-17
   7.3100000e+00  -1.5206607e-17   7.7854527e-17   3.2104657e-17  -6.0853554e-17
   7.3200000e+00  -1.4428062e-17   7.4009968e-17   3.1496121e-17  -6.2599231e-17
   7.3300000e+00  -1.3687963e-17   7.0348768e-17   3.0870129e-17  -6.4035603e-17
   7.3400000e+00  -1.2984475e-17   6.6862491e-17   3.0229773e-17  -6.5188037e-17
   7.3500000e+00  -1.2315850e-17   6.3543073e-17   2.9577892e-17  -6.6080212e-17
   7.3600000e+00  -1.1680419e-17   6.0382809e-17   2.8917090e-17  -6.6734214e-17
   7.3700000e+00  -1.1076591e-17   5.7374335e-17   2.8249748e-17  -6.7170641e-17
   7.3800000e+00  -1.0502848e-17   5.4510614e-17   2.7578042e-17  -6.7408684e-17
   7.3900000e+00  -9.9577416e-18   5.1784924e-17   2.6903955e-17  -6.7466220e-17
   7.4000000e+00  -9.4398924e-18   4.9190843e-17   2.6229293e-17  -6.7359886e-17
   7.4100000e+00  -8.9479839e-18   4.6722236e-17   2.5555694e-17  -6.7105161e-17
   7.4200000e+00  -8.4807616e-18   4.4373244e-17   2.4884642e-17  -6.6716431e-17
   7.4300000e+00  -8.0370291e-18   4.2138271e-17   2.4217478e-17  -6.6207064e-17
   7.4400000e+00  -7.6156464e-18   4.0011974e-17   2.3555407e-17  -6.5589466e-17
   7.4500000e+00  -7.2155267e-18   3.7989248e-17   2.2899513e-17  -6.4875145e-17
   7.4600000e+00  -6.8356342e-18   3.6065224e-17   2.2250761e-17  -6.4074769e-17
   7.4700000e+00  -6.4749820e-18   3.4235249e-17   2.1610013e-17  -6.3198213e-17
   7.4800000e+00  -6.1326295e-18   3.2494884e-17   2.0978031e-17  -6.2254618e-17
   7.4900000e+00  -5.8076806e-18   3.0839892e-17   2.0355485e-17  -6.1252430e-17
   7.5000000e+00  -5.4992817e-18   2.9266227e-17   1.9742961e-17  -6.0199448e-17
   7.5100000e+00  -5.2066194e-18   2.7770029e-17   1.9140966e-17  -5.9102866e-17
   7.5200000e+00  -4.9289191e-18   2.6347617e-17   1.8549938e-17  -5.7969313e-17
   7.5300000e+00  -4.6654430e-18   2.4995474e-17   1.7970245e-17  -5.6804888e-17
   7.5400000e+00  -4.4154882e-18   2.3710250e-17   1.7402196e-17  -5.5615195e-17
   7.5500000e+00  -4.1783857e-18   2.2488744e-17   1.6846044e-17  -5.4405378e-17
   7.5600000e+00  -3.9534983e-18   2.1327906e-17   1.6301990e-17  -5.3180150e-17
   7.5700000e+00  -3.7402192e-18   2.0224826e-17   1.5770188e-17  -5.1943821e-17
   7.5800000e+00  -3.5379710e-18   1.9176729e-17   1.5250750e-17  -5.0700329e-17
   7.5900000e+00  -3.3462037e-18   1.8180968e-17   1.4743747e-17  -4.9453260e-17
   7.6000000e+00  -3.1643940e-18   1.7235019e-17   1.4249214e-17  -4.8205876e-17
   7.6100000e+00  -2.9920438e-18   1.6336477e-17   1.3767156e-17  -4.6961140e-17
   7.6200000e+00  -2.8286791e-18   1.5483046e-17   1.3297544e-17  -4.5721728e-17
   7.6300000e+00  -2.6738486e-18   1.4672542e-17   1.2840327e-17  -4.4490058e-17
   7.6400000e+00  -2.5271232e-18   1.3902878e-17   1.2395426e-17  -4.3268305e-17
   7.6500000e+00  -2.3880944e-18   1.3172068e-17   1.1962743e-17  -4.2058418e-17
   7.6600000e+00  -2.2563737e-18   1.2478220e-17   1.1542159e-17  -4.0862138e-17
   7.6700000e+00  -2.1315915e-18   1.1819528e-17   1.1133538e-17  -3.9681010e-17
   7.6800000e+00  -2.0133962e-18   1.1194273e-17   1.0736728e-17  -3.8516402e-17
   7.6900000e+00  -1.9014535e-18   1.0600818e-17   1.0351564e-17  -3.7369516e-17
   7.7000000e+00  -1.7954453e-18   1.0037601e-17   9.9778684e-18  -3.6241398e-17
   7.7100000e+00  -1.6950693e-18   9.5031366e-18   9.6154544e-18  -3.5132957e-17
   7.7200000e+00  -1.6000379e-18   8.9960084e-18   9.2641248e-18  -3.4044967e-17
   7.7300000e+00  -1.5100779e-18   8.5148677e-18   8.9236752e-18  -3.2978085e-17
   7.7400000e+00  -1.4249292e-18   8.0584301e-18   8.5938943e-18  -3.1932856e-17
   7.7500000e+00  -1.3443449e-18   7.6254726e-18   8.2745658e-18  -3.0909724e-17
   7.7600000e+00  -1.2680902e-18   7.2148306e-18   7.9654685e-18  -2.9909040e-17
   7.7700000e+00  -1.1959419e-18   6.8253952e-18   7.6663781e-18  -2.8931069e-17
   7.7800000e+00  -1.1276879e-18   6.4561110e-18   7.3770674e-18  -2.7975998e-17
   7.7900000e+00  -1.0631268e-18   6.1059729e-18   7.0973074e-18  -2.7043943e-17
   7.8000000e+00  -1.0020671e-18   5.7740246e-18   6.8268680e-18  -2.6134955e-17
   7.8100000e+00  -9.4432682e-19   5.4593558e-18   6.5655185e-18  -2.5249028e-17
   7.8200000e+00  -8.8973326e-19   5.1611000e-18   6.3130282e-18  -2.4386099e-17
   7.8300000e+00  -8.3812226e-19   4.8784330e-18   6.0691672e-18  -2.3546059e-17
   7.8400000e+00  -7.8933793e-19   4.6105702e-18   5.8337066e-18  -2.2728755e-17
   7.8500000e+00  -7.4323223e-19   4.3567655e-18   5.6064191e-18  -2.1933994e-17
   7.8600000e+00  -6.9966457e-19   4.1163087e-18   5.3870791e-18  -2.1161549e-17
   7.8700000e+00  -6.5850149e-19   3.8885245e-18   5.1754636e-18  -2.0411162e-17
   7.8800000e+00  -6.1961624e-19   3.6727706e-18   4.9713520e-18  -1.9682545e-17
   7.8900000e+00  -5.8288854e-19   3.4684359e-18   4.7745266e-18  -1.8975388e-17
   7.9000000e+00  -5.4820418e-19   3.2749394e-18   4.5847727e-18  -1.8289358e-17
   7.9100000e+00  -5.1545478e-19   3.0917287e-18   4.4018791e-18  -1.7624104e-17
   7.9200000e+00  -4.8453749e-19   2.9182784e-18   4.2256381e-18  -1.6979258e-17
   7.9300000e+00  -4.5535471e-19   2.7540891e-18   4.0558455e-18  -1.6354440e-17
   7.9400000e+00  -4.2781382e-19   2.5986860e-18   3.8923011e-18  -1.5749255e-17
   7.9500000e+00  -4.0182696e-19   2.4516177e-18   3.7348085e-18  -1.5163303e-17
   7.9600000e+00  -3.7731078e-19   2.3124554e-18   3.5831755e-18  -1.4596171e-17
   7.9700000e+00  -3.5418623e-19   2.1807913e-18   3.4372138e-18  -1.4047444e-17
   7.9800000e+00  -3.3237832e-19   2.0562380e-18   3.2967393e-18  -1.3516702e-17
   7.9900000e+00  -3.1181594e-19   1.9384274e-18   3.1615723e-18  -1.3003519e-17
   8.0000000e+00  -2.9243166e-19   1.8270097e-18   3.0315371e-18  -1.2507470e-17
   8.0100000e+00  -2.7416157e-19   1.7216528e-18   2.9064625e-18  -1.2028128e-17
   8.0200000e+00  -2.5694504e-19   1.6220408e-18   2.7861812e-18  -1.1565067e-17
   8.0300000e+00  -2.4072463e-19   1.5278742e-18   2.6705305e-18  -1.1117863e-17
   8.0400000e+00  -2.2544589e-19   1.4388680e-18   2.5593519e-18  -1.0686091e-17
   8.0500000e+00  -2.1105721e-19   1.3547518e-18   2.4524910e-18  -1.0269334e-17
   8.0600000e+00  -1.9750969e-19   1.2752691e-18   2.3497976e-18  -9.8671746e-18
   8.0700000e+00  -1.8475700e-19   1.2001758e-18   2.2511259e-18  -9.4792015e-18
   8.0800000e+00  -1.7275524e-19   1.1292406e-18   2.1563339e-18  -9.1050080e-18
   8.0900000e+00  -1.6146284e-19   1.0622437e-18   2.0652838e-18  -8.7441930e-18
   8.1000000e+00  -1.5084040e-19   9.9897666e-19   1.9778418e-18  -8.3963609e-18
   8.1100000e+00  -1.4085063e-19   9.3924147e-19   1.8938782e-18  -8.0611227e-18
   8.1200000e+00  -1.3145822e-19   8.8285029e-19   1.8132670e-18  -7.7380958e-18
   8.1300000e+00  -1.2262971e-19   8.2962489e-19   1.7358861e-18  -7.4269043e-18
   8.1400000e+00  -1.1433347e-19   7.7939614e-19   1.6616170e-18  -7.1271798e-18
   8.1500000e+00  -1.0653950e-19   7.3200360e-19   1.5903452e-18  -6.8385608e-18
   8.1600000e+00  -9.9219468e-20   6.8729508e-19   1.5219596e-18  -6.5606936e-18
   8.1700000e+00  -9.2346517e-20   6.4512620e-19   1.4563527e-18  -6.2932318e-18
   8.1800000e+00  -8.5895255e-20   6.0536005e-19   1.3934204e-18  -6.0358372e-18
   8.1900000e+00  -7.9841655e-20   5.6786680e-19   1.3330620e-18  -5.7881788e-18
   8.2000000e+00  -7.4162987e-20   5.3252334e-19   1.2751802e-18  -5.5499340e-18
   8.2100000e+00  -6.8837753e-20   4.9921292e-19   1.2196809e-18  -5.3207877e-18
   8.2200000e+00  -6.3845624e-20   4.6782491e-19   1.1664730e-18  -5.1004328e-18
   8.2300000e+00  -5.9167375e-20   4.3825442e-19   1.1154686e-18  -4.8885703e-18
   8.2400000e+00  -5.4784831e-20   4.1040202e-19   1.0665829e-18  -4.6849087e-18
   8.2500000e+00  -5.0680811e-20   3.8417352e-19   1.0197339e-18  -4.4891644e-18
   8.2600000e+00  -4.6839075e-20   3.5947963e-19   9.7484221e-19  -4.3010618e-18
   8.2700000e+00  -4.3244279e-20   3.3623578e-19   9.3183160e-19  -4.1203327e-18
   8.2800000e+00  -3.9881921e-20   3.1436183e-19   8.9062827e-19  -3.9467165e-18
   8.2900000e+00  -3.6738303e-20   2.9378188e-19   8.5116110e-19  -3.7799602e-18
   8.3000000e+00  -3.3800484e-20   2.7442405e-19   8.1336150e-19  -3.6198182e-18
   8.3100000e+00  -3.1056244e-20   2.5622025e-19   7.7716332e-19  -3.4660521e-18
   8.3200000e+00  -2.8494041e-20   2.3910601e-19   7.4250280e-19  -3.3184307e-18
   8.3300000e+00  -2.6102981e-20   2.2302030e-19   7.0931849e-19  -3.1767299e-18
   8.3400000e+00  -2.3872778e-20   2.0790534e-19   6.7755119e-19  -3.0407325e-18
   8.3500000e+00  -2.1793725e-20   1.9370644e-19   6.4714387e-19  -2.9102280e-18
   8.3600000e+00  -1.9856660e-20   1.8037183e-19   6.1804159e-19  -2.7850127e-18
   8.3700000e+00  -1.8052942e-20   1.6785253e-19   5.9019146e-19  -2.6648892e-18
   8.3800000e+00  -1.6374417e-20   1.5610220e-19   5.6354257e-19  -2.5496667e-18
   8.3900000e+00  -1.4813395e-20   1.4507699e-19   5.3804590e-19  -2.4391603e-18
   8.4000000e+00  -1.3362625e-20   1.3473541e-19   5.1365430e-19  -2.3331917e-18
   8.4100000e+00  -1.2015271e-20   1.2503825e-19   4.9032238e-19  -2.2315880e-18
   8.4200000e+00  -1.0764888e-20   1.1594840e-19   4.6800650e-19  -2.1341824e-18
   8.4300000e+00  -9.6054041e-21   1.0743080e-19   4.4666468e-19  -2.0408137e-18
   8.4400000e+00  -8.5310962e-21   9.9452264e-20   4.2625654e-19  -1.9513260e-18
   8.4500000e+00  -7.5365735e-21   9.1981461e-20   4.0674328e-19  -1.8655691e-18
   8.4600000e+00  -6.6167589e-21   8.4988760e-20   3.8808759e-19  -1.7833978e-18
   8.4700000e+00  -5.7668713e-21   7.8446165e-20   3.7025361e-19  -1.7046718e-18
   8.4800000e+00  -4.9824097e-21   7.2327220e-20   3.5320689e-19  -1.6292561e-18
   8.4900000e+00  -4.2591375e-21   6.6606937e-20   3.3691433e-19  -1.5570203e-18
   8.5000000e+00  -3.5930681e-21   6.1261710e-20   3.2134413e-19  -1.4878385e-18
   8.5100000e+00  -2.9804510e-21   5.6269246e-20   3.0646575e-19  -1.4215895e-18
   8.5200000e+00  -2.4177585e-21   5.1608495e-20   2.9224985e-19  -1.3581565e-18
   8.5300000e+00  -1.9016736e-21   4.7259583e-20   2.7866829e-19  -1.2974269e-18
   8.5400000e+00  -1.4290778e-21   4.3203752e-20   2.6569402e-19  -1.2392920e-18
   8.5500000e+00  -9.9704024e-22   3.9423297e-20   2.5330110e-19  -1.1836474e-18
   8.5600000e+00  -6.0280727e-22   3.5901511e-20   2.4146462e-19  -1.1303925e-18
   8.5700000e+00  -2.4379216e-22   3.2622631e-20   2.3016070e-19  -1.0794303e-18
   8.5800000e+00   8.2434156e-23   2.9571791e-20   2.1936639e-19  -1.0306674e-18
   8.5900000e+00   3.7815207e-22   2.6734968e-20   2.0905972e-19  -9.8401417e-19
   8.6000000e+00   6.4550175e-22   2.4098939e-20   1.9921958e-19  -9.3938409e-19
   8.6100000e+00   8.8649114e-22   2.1651241e-20   1.8982574e-19  -8.9669404e-19
   8.6200000e+00   1.1030035e-21   1.9380122e-20   1.8085880e-19  -8.5586405e-19
   8.6300000e+00   1.2968048e-21   1.7274512e-20   1.7230016e-19  -8.1681722e-19
   8.6400000e+00   1.4695499e-21   1.5323977e-20   1.6413198e-19  -7.7947959e-19
   8.6500000e+00   1.6227897e-21   1.3518690e-20   1.5633719e-19  -7.4378006e-19
   8.6600000e+00   1.7579765e-21   1.1849395e-20   1.4889939e-19  -7.0965030e-19
   8.6700000e+00   1.8764705e-21   1.0307379e-20   1.4180289e-19  -6.7702462e-19
   8.6800000e+00   1.9795443e-21   8.8844359e-21   1.3503264e-19  -6.4583991e-19
   8.6900000e+00   2.0683886e-21   7.5728452e-21   1.2857424e-19  -6.1603555e-19
   8.7000000e+00   2.1441171e-21   6.3653409e-21   1.2241388e-19  -5.8755330e-19
   8.7100000e+00   2.2077705e-21   5.2550881e-21   1.1653835e-19  -5.6033723e-19
   8.7200000e+00   2.2603214e-21   4.2356583e-21   1.1093498e-19  -5.3433362e-19
   8.7300000e+00   2.3026780e-21   3.3010071e-21   1.0559164e-19  -5.0949090e-19
   8.7400000e+00   2.3356880e-21   2.4454524e-21   1.0049673e-19  -4.8575957e-19
   8.7500000e+00   2.3601426e-21   1.6636546e-21   9.5639138e-20  -4.6309211e-19
   8.7600000e+00   2.3767791e-21   9.5059654e-22   9.1008217e-20  -4.4144293e-19
   8.7700000e+00   2.3862851e-21   3.0156615e-22   8.6593788e-20  -4.2076826e-19
   8.7800000e+00   2.3893007e-21  -2.8786141e-22   8.2386105e-20  -4.0102614e-19
   8.7900000e+00   2.3864221e-21  -8.2183981e-22   7.8375844e-20  -3.8217628e-19
   8.8000000e+00   2.3782037e-21  -1.3042670e-21   7.4554081e-20  -3.6418007e-19
   8.8100000e+00   2.3651611e-21  -1.7387999e-21   7.0912280e-20  -3.4700047e-19
   8.8200000e+00   2.3477731e-21  -2.1288680e-21   6.7442276e-20  -3.3060195e-19
   8.8300000e+00   2.3264844e-21  -2.4776868e-21   6.4136256e-20  -3.1495047e-19
   8.8400000e+00   2.3017075e-21  -2.7882698e-21   6.0986751e-20  -3.0001339e-19
   8.8500000e+00   2.2738248e-21  -3.0634402e-21   5.7986617e-20  -2.8575941e-19
   8.8600000e+00   2.2431904e-21  -3.3058422e-21   5.5129023e-20  -2.7215855e-19
   8.8700000e+00   2.2101320e-21  -3.5179514e-21   5.2407438e-20  -2.5918207e-19
   8.8800000e+00   2.1749525e-21  -3.7020842e-21   4.9815617e-20  -2.4680245e-19
   8.8900000e+00   2.1379316e-21  -3.8604078e-21   4.7347593e-20  -2.3499331e-19
   8.9000000e+00   2.0993276e-21  -3.9949484e-21   4.4997660e-20  -2.2372938e-19
   8.9100000e+00   2.0593781e-21  -4.1076000e-21   4.2760366e-20  -2.1298647e-19
   8.9200000e+00   2.0183021e-21  -4.2001320e-21   4.0630501e-20  -2.0274140e-19
   8.9300000e+00   1.9763007e-21  -4.2741965e-21   3.8603087e-20  -1.9297199e-19
   8.9400000e+00   1.9335588e-21  -4.3313357e-21   3.6673367e-20  -1.8365699e-19
   8.9500000e+00   1.8902454e-21  -4.3729880e-21   3.4836797e-20  -1.7477605e-19
   8.9600000e+00   1.8465155e-21  -4.4004947e-21   3.3089037e-20  -1.6630971e-19
   8.9700000e+00   1.8025106e-21  -4.4151056e-21   3.1425940e-20  -1.5823934e-19
   8.9800000e+00   1.7583595e-21  -4.4179849e-21   2.9843546e-20  -1.5054711e-19
   8.9900000e+00   1.7141797e-21  -4.4102158e-21   2.8338075e-20  -1.4321594e-19
   9.0000000e+00   1.6700775e-21  -4.3928062e-21   2.6905916e-20  -1.3622952e-19
   9.0100000e+00   1.6261495e-21  -4.3666927e-21   2.5543621e-20  -1.2957222e-19
   9.0200000e+00   1.5824825e-21  -4.3327456e-21   2.4247898e-20  -1.2322910e-19
   9.0300000e+00   1.5391551e-21  -4.2917726e-21   2.3015607e-20  -1.1718587e-19
   9.0400000e+00   1.4962374e-21  -4.2445228e-21   2.1843749e-20  -1.1142887e-19
   9.0500000e+00   1.4537921e-21  -4.1916906e-21   2.0729460e-20  -1.0594501e-19
   9.0600000e+00   1.4118752e-21  -4.1339187e-21   1.9670010e-20  -1.0072181e-19
   9.0700000e+00   1.3705360e-21  -4.0718020e-21   1.8662792e-20  -9.5747320e-20
   9.0800000e+00   1.3298180e-21  -4.0058902e-21   1.7705318e-20  -9.1010110e-20
   9.0900000e+00   1.2897591e-21  -3.9366908e-21   1.6795217e-20  -8.6499264e-20
   9.1000000e+00   1.2503922e-21  -3.8646719e-21   1.5930225e-20  -8.2204347e-20
   9.1100000e+00   1.2117455e-21  -3.7902647e-21   1.5108181e-20  -7.8115384e-20
   9.1200000e+00   1.1738428e-21  -3.7138660e-21   1.4327027e-20  -7.4222845e-20
   9.1300000e+00   1.1367042e-21  -3.6358403e-21   1.3584799e-20  -7.0517623e-20
   9.1400000e+00   1.1003458e-21  -3.5565223e-21   1.2879623e-20  -6.6991018e-20
   9.1500000e+00   1.0647806e-21  -3.4762182e-21   1.2209713e-20  -6.3634719e-20
   9.1600000e+00   1.0300184e-21  -3.3952086e-21   1.1573365e-20  -6.0440784e-20
   9.1700000e+00   9.9606630e-22  -3.3137491e-21   1.0968958e-20  -5.7401632e-20
   9.1800000e+00   9.6292880e-22  -3.2320732e-21   1.0394941e-20  -5.4510020e-20
   9.1900000e+00   9.3060807e-22  -3.1503928e-21   9.8498410e-21  -5.1759033e-20
   9.2000000e+00   8.9910414e-22  -3.0689002e-21   9.3322507e-21  -4.9142065e-20
   9.2100000e+00   8.6841514e-22  -2.9877694e-21   8.8408300e-21  -4.6652814e-20
   9.2200000e+00   8.3853745e-22  -2.9071575e-21   8.3743019e-21  -4.4285259e-20
   9.2300000e+00   8.0946587e-22  -2.8272057e-21   7.9314493e-21  -4.2033654e-20
   9.2400000e+00   7.8119382e-22  -2.7480405e-21   7.5111128e-21  -3.9892516e-20
   9.2500000e+00   7.5371341e-22  -2.6697747e-21   7.1121876e-21  -3.7856611e-20
   9.2600000e+00   7.2701566e-22  -2.5925088e-21   6.7336215e-21  -3.5920942e-20
   9.2700000e+00   7.0109058e-22  -2.5163313e-21   6.3744121e-21  -3.4080744e-20
   9.2800000e+00   6.7592726e-22  -2.4413202e-21   6.0336046e-21  -3.2331469e-20
   9.2900000e+00   6.5151406e-22  -2.3675432e-21   5.7102899e-21  -3.0668779e-20
   9.3000000e+00   6.2783863e-22  -2.2950590e-21   5.4036022e-21  -2.9088533e-20
   9.3100000e+00   6.0488804e-22  -2.2239178e-21   5.1127168e-21  -2.7586784e-20
   9.3200000e+00   5.8264886e-22  -2.1541621e-21   4.8368490e-21  -2.6159766e-20
   9.3300000e+00   5.6110724e-22  -2.0858268e-21   4.5752513e-21  -2.4803888e-20
   9.3400000e+00   5.4024897e-22  -2.0189407e-21   4.3272125e-21  -2.3515724e-20
   9.3500000e+00   5.2005957e-22  -1.9535261e-21   4.0920552e-21  -2.2292010e-20
   9.3600000e+00   5.0052430e-22  -1.8896001e-21   3.8691351e-21  -2.1129631e-20
   9.3700000e+00   4.8162830e-22  -1.8271745e-21   3.6578388e-21  -2.0025620e-20
   9.3800000e+00   4.6335656e-22  -1.7662566e-21   3.4575826e-21  -1.8977145e-20
   9.3900000e+00   4.4569399e-22  -1.7068495e-21   3.2678111e-21  -1.7981511e-20
   9.4000000e+00   4.2862550e-22  -1.6489522e-21   3.0879960e-21  -1.7036146e-20
   9.4100000e+00   4.1213598e-22  -1.5925606e-21   2.9176346e-21  -1.6138600e-20
   9.4200000e+00   3.9621037e-22  -1.5376672e-21   2.7562486e-21  -1.5286539e-20
   9.4300000e+00   3.8083370e-22  -1.4842619e-21   2.6033832e-21  -1.4477738e-20
   9.4400000e+00   3.6599108e-22  -1.4323317e-21   2.4586058e-21  -1.3710077e-20
   9.4500000e+00   3.5166776e-22  -1.3818617e-21   2.3215050e-21  -1.2981537e-20
   9.4600000e+00   3.3784914e-22  -1.3328347e-21   2.1916897e-21  -1.2290195e-20
   9.4700000e+00   3.2452080e-22  -1.2852318e-21   2.0687877e-21  -1.1634219e-20
   9.4800000e+00   3.1166848e-22  -1.2390327e-21   1.9524455e-21  -1.1011863e-20
   9.4900000e+00   2.9927815e-22  -1.1942152e-21   1.8423269e-21  -1.0421465e-20
   9.5000000e+00   2.8733600e-22  -1.1507565e-21   1.7381122e-21  -9.8614436e-21
   9.5100000e+00   2.7582843e-22  -1.1086323e-21   1.6394978e-21  -9.3302913e-21
   9.5200000e+00   2.6474211e-22  -1.0678176e-21   1.5461949e-21  -8.8265735e-21
   9.5300000e+00   2.5406394e-22  -1.0282866e-21   1.4579291e-21  -8.3489244e-21
   9.5400000e+00   2.4378107e-22  -9.9001292e-22   1.3744399e-21  -7.8960439e-21
   9.5500000e+00   2.3388094e-22  -9.5296964e-22   1.2954795e-21  -7.4666945e-21
   9.5600000e+00   2.2435124e-22  -9.1712947e-22   1.2208125e-21  -7.0596983e-21
   9.5700000e+00   2.1517995e-22  -8.8246482e-22   1.1502155e-21  -6.6739346e-21
   9.5800000e+00   2.0635530e-22  -8.4894790e-22   1.0834762e-21  -6.3083366e-21
   9.5900000e+00   1.9786582e-22  -8.1655082e-22   1.0203928e-21  -5.9618895e-21
   9.6000000e+00   1.8970031e-22  -7.8524563e-22   9.6077393e-22  -5.6336278e-21
   9.6100000e+00   1.8184786e-22  -7.5500443e-22   9.0443765e-22  -5.3226328e-21
   9.6200000e+00   1.7429781e-22  -7.2579940e-22   8.5121132e-22  -5.0280307e-21
   9.6300000e+00   1.6703982e-22  -6.9760288e-22   8.0093102e-22  -4.7489905e-21
   9.6400000e+00   1.6006379e-22  -6.7038740e-22   7.5344111e-22  -4.4847217e-21
   9.6500000e+00   1.5335992e-22  -6.4412575e-22   7.0859389e-22  -4.2344726e-21
   9.6600000e+00   1.4691866e-22  -6.1879100e-22   6.6624917e-22  -3.9975285e-21
   9.6700000e+00   1.4073075e-22  -5.9435654e-22   6.2627388e-22  -3.7732096e-21
   9.6800000e+00   1.3478718e-22  -5.7079612e-22   5.8854179e-22  -3.5608699e-21
   9.6900000e+00   1.2907922e-22  -5.4808389e-22   5.5293309e-22  -3.3598951e-21
   9.7000000e+00   1.2359838e-22  -5.2619440e-22   5.1933414e-22  -3.1697014e-21
   9.7100000e+00   1.1833644e-22  -5.0510261e-22   4.8763712e-22  -2.9897338e-21
   9.7200000e+00   1.1328541e-22  -4.8478397e-22   4.5773978e-22  -2.8194648e-21
   9.7300000e+00   1.0843757e-22  -4.6521437e-22   4.2954514e-22  -2.6583935e-21
   9.7400000e+00   1.0378543e-22  -4.4637018e-22   4.0296120e-22  -2.5060434e-21
   9.7500000e+00   9.9321729e-23  -4.2822829e-22   3.7790077e-22  -2.3619621e-21
   9.7600000e+00   9.5039446e-23  -4.1076604e-22   3.5428115e-22  -2.2257199e-21
   9.7700000e+00   9.0931786e-23  -3.9396132e-22   3.3202395e-22  -2.0969083e-21
   9.7800000e+00   8.6992172e-23  -3.7779251e-22   3.1105487e-22  -1.9751396e-21
   9.7900000e+00   8.3214247e-23  -3.6223851e-22   2.9130347e-22  -1.8600453e-21
   9.8000000e+00   7.9591862e-23  -3.4727873e-22   2.7270302e-22  -1.7512758e-21
   9.8100000e+00   7.6119075e-23  -3.3289311e-22   2.5519026e-22  -1.6484989e-21
   9.8200000e+00   7.2790144e-23  -3.1906209e-22   2.3870527e-22  -1.5513991e-21
   9.8300000e+00   6.9599523e-23  -3.0576664e-22   2.2319128e-22  -1.4596770e-21
   9.8400000e+00   6.6541857e-23  -2.9298823e-22   2.0859451e-22  -1.3730486e-21
   9.8500000e+00   6.3611974e-23  -2.8070883e-22   1.9486402e-22  -1.2912439e-21
   9.8600000e+00   6.0804886e-23  -2.6891093e-22   1.8195158e-22  -1.2140070e-21
   9.8700000e+00   5.8115777e-23  -2.5757751e-22   1.6981151e-22  -1.1410948e-21
   9.8800000e+00   5.5540002e-23  -2.4669203e-22   1.5840056e-22  -1.0722769e-21
   9.8900000e+00   5.3073081e-23  -2.3623844e-22   1.4767780e-22  -1.0073344e-21
   9.9000000e+00   5.0710697e-23  -2.2620118e-22   1.3760445e-22  -9.4605982e-22
   9.9100000e+00   4.8448685e-23  -2.1656514e-22   1.2814385e-22  -8.8825628e-22
   9.9200000e+00   4.6283034e-23  -2.0731567e-22   1.1926129e-22  -8.3373706e-22
   9.9300000e+00   4.4209877e-23  -1.9843860e-22   1.1092392e-22  -7.8232506e-22
   9.9400000e+00   4.2225491e-23  -1.8992017e-22   1.0310067e-22  -7.3385234e-22
   9.9500000e+00   4.0326289e-23  -1.8174707e-22   9.5762146e-23  -6.8815967e-22
   9.9600000e+00   3.8508819e-23  -1.7390641e-22   8.8880549e-23  -6.4509606e-22
   9.9700000e+00   3.6769755e-23  -1.6638573e-22   8.2429588e-23  -6.0451841e-22
   9.9800000e+00   3.5105897e-23  -1.5917296e-22   7.6384404e-23  -5.6629103e-22
   9.9900000e+00   3.3514168e-23  -1.5225644e-22   7.0721494e-23  -5.3028536e-22
   1.0000000e+01   3.1991603e-23  -1.4562489e-22   6.5418640e-23  -4.9637953e-22
