0.0 0.0 0.0 0.04 -0.1
0.01 0.0 -0.0338294508 0.039 -0.174773527
0.02 -0.000338294508 -0.0676241198926 0.03725226473 -0.249705102231
0.03 -0.00101453570693 -0.0946844201776 0.0347552137077 -0.308228954955
0.04 -0.0019613799087 -0.114056263246 0.0316729241581 -0.348143448379
0.05 -0.00310194254116 -0.126370004437 0.0281914896744 -0.371167855755
0.06 -0.00436564258553 -0.13263010216 0.0244798111168 -0.379911114613
0.07 -0.00569194360713 -0.133865040867 0.0206806999707 -0.377000846458
0.08 -0.00703059401579 -0.131028684203 0.0169106915061 -0.364843131604
0.09 -0.00834088085782 -0.124975582182 0.0132622601901 -0.345567214855
0.1 -0.00959063667964 -0.116458361923 0.00980658804151 -0.321024877305
0.11 -0.0107552202989 -0.106131925329 0.00659633926846 -0.292806147235
0.12 -0.0118165395522 -0.0945598558544 0.00366827779611 -0.262259853936
0.13 -0.0127621381107 -0.0822215687699 0.00104567925675 -0.230515398994
0.14 -0.0135843537984 -0.069519672555 -0.0012594747332 -0.198504464425
0.15 -0.014279550524 -0.0567872999315 -0.00324451937744 -0.166982107324
0.16 -0.0148474235233 -0.0442952689346 -0.00491434045069 -0.136546945191
0.17 -0.0152903762126 -0.0322589792899 -0.0062798099026 -0.107660246775
0.18 -0.0156129660055 -0.0208449757905 -0.00735641237035 -0.0806638071525
0.19 -0.0158214157634 -0.0101771296812 -0.00816305044188 -0.0557965313012
0.2 -0.0159231870602 -0.000342404672462 -0.00872101575489 -0.0332096865452
0.21 -0.015926611107 0.00860381274305 -0.00905311262034 -0.0129808136689
0.22 -0.0158405729795 0.0166328280582 -0.00918292075703 0.00487368939412
0.23 -0.0156742446989 0.0237381989041 -0.00913418386309 0.0203872779663
0.24 -0.0154368627099 0.0299317334477 -0.00893031108343 0.0336332164432
0.25 -0.0151375453754 0.035239913919 -0.008593978919 0.0447157190803
0.26 -0.0147851462362 0.0397007274845 -0.00814682172819 0.0537622066741
0.27 -0.0143881389614 0.0433608831474 -0.00760919966145 0.0609166041407
0.28 -0.0139545301299 0.046273390818 -0.00700003362004 0.0663336003772
0.29 -0.0134917962217 0.0484954770171 -0.00633669761627 0.070173790138
0.3 -0.0130068414516 0.0500868107155 -0.00563495971489 0.0725996176263
0.31 -0.0125059733444 0.0511080124744 -0.00490896353863 0.073772042806
0.32 -0.0119948932197 0.0516194202136 -0.00417124311057 0.0738478538145
0.33 -0.0114786990175 0.0516800855122 -0.00343276457243 0.0729775520707
0.34 -0.0109618981624 0.051346975252 -0.00270298905172 0.0713037405182
0.35 -0.0104484284099 0.0506743545719 -0.00198995164654 0.0689599497429
0.36 -0.00994168486417 0.0497133284499 -0.00130035214911 0.0660698413096
0.37 -0.00944455157967 0.048511520709 -0.00063965373601 0.0627467324299
0.38 -0.00895943637258 0.0471128708068 -1.21864117115e-05 0.05909339091
0.39 -0.00848830766451 0.0455575303742 0.000578747497389 0.055202054127
0.4 -0.00803273236077 0.0438818430819 0.00113076803866 0.05115463048
0.41 -0.00759391392995 0.0421183930105 0.00164231434346 0.0470230462981
0.42 -0.00717272999984 0.0402961082473 0.00211254480644 0.0428697055099
0.43 -0.00676976891737 0.0384404079256 0.00254124186154 0.0387480334647
0.44 -0.00638536483811 0.0365733823393 0.00292872219619 0.0347030801081
0.45 -0.00601963101472 0.0347139970935 0.00327575299727 0.0307721612534
0.46 -0.00567249104379 0.0328783134955 0.0035834746098 0.0269855199321
0.47 -0.00534370790883 0.0310797185334 0.00385332980912 0.0233669927648
0.48 -0.0050329107235 0.0293291588372 0.00408699973677 0.0199346689609
0.49 -0.00473961913513 0.0276353739701 0.00428634642638 0.0167015319464
0.5 -0.00446326539542 0.0260051252507 0.00445336174584 0.013676075738
0.51 -0.00420321414292 0.0244434170721 0.00459012250322 0.0108628900528
0.52 -0.0039587799722 0.0229537083617 0.00469875140375 0.00826320976523
0.53 -0.00372924288858 0.0215381124119 0.0047813835014 0.00587542573158
0.54 -0.00351386176446 0.0201975838341 0.00484013775872 0.00369555519841
0.55 -0.00331188592612 0.0189320918232 0.0048770933107 0.00171767102247
0.56 -0.00312256500789 0.0177407793 0.00489427002093 -6.57102317716e-05
0.57 -0.00294515721489 0.0166221078103 0.00489361291861 -0.0016632805652
0.58 -0.00277893613678 0.0155739883214 0.00487698011296 -0.00308463188841
0.59 -0.00262319625357 0.0145938982641 0.00484613379407 -0.0043399847115
0.6 -0.00247725727093 0.0136789853372 0.00480273394696 -0.00543995213382
0.61 -0.00234046741756 0.0128261587169 0.00474833442562 -0.00639533686081
0.62 -0.00221220583039 0.0120321684082 0.00468438105701 -0.00721695882742
0.63 -0.00209188414631 0.0112936735403 0.00461221146874 -0.00791551092724
0.64 -0.0019789474109 0.0106073004458 0.00453305635947 -0.00850144032307
0.65 -0.00187287440645 0.00996969138379 0.00444804195624 -0.00898485283743
0.66 -0.00177317749261 0.00937754476597 0.00435819342786 -0.00937543798259
0.67 -0.00167940204495 0.00882764773262 0.00426443904804 -0.00968241228066
0.68 -0.00159112556762 0.00831690189861 0.00416761492523 -0.00991447863781
0.69 -0.00150795654864 0.00784234305634 0.00406847013885 -0.0100797996678
0.7 -0.00142953311807 0.00740115558059 0.00396767214217 -0.010185983002
0.71 -0.00135552156227 0.00699068223439 0.00386581231215 -0.0102400767734
0.72 -0.00128561473992 0.00660843002564 0.00376341154442 -0.0102485736143
0.73 -0.00121953043967 0.00625207271251 0.00366092580828 -0.0102174216602
0.74 -0.00115700971254 0.00591945050437 0.00355875159167 -0.0101520412052
0.75 -0.0010978152075 0.00560856745263 0.00345723117962 -0.0100573457977
0.76 -0.00104172953297 0.00531758697594 0.00335665772164 -0.00993776670739
0.77 -0.000988553663211 0.00504482591503 0.00325728005457 -0.00979727982621
0.78 -0.000938105404061 0.00478874746618 0.00315930725631 -0.00963943419176
0.79 -0.000890217929399 0.00454795329826 0.00306291291439 -0.0094673814355
0.8 -0.000844738396416 0.00432117511727 0.00296823910004 -0.00928390556667
0.81 -0.000801526645244 0.00410726590439 0.00287540004437 -0.00909145259877
0.82 -0.0007604539862 0.00390519101843 0.00278448551838 -0.0088921596143
0.83 -0.000721402076016 0.00371401932206 0.00269556392224 -0.008687882942
0.84 -0.000684261882795 0.00353291446227 0.00260868509282 -0.00848022519162
0.85 -0.000648932738172 0.00336112641 0.0025238828409 -0.00827056095283
0.86 -0.000615321474072 0.00319798334105 0.00244117723137 -0.00806006101949
0.87 -0.000583341640662 0.00304288392024 0.00236057662118 -0.00784971504687
0.88 -0.000552912801459 0.00289529003356 0.00228207947071 -0.00764035258995
0.89 -0.000523959901124 0.00275471999763 0.00220567594481 -0.00743266250425
0.9 -0.000496412701148 0.00262074226339 0.00213134931977 -0.00722721071919
0.91 -0.000470205278514 0.00249296961973 0.00205907721258 -0.00702445641663
0.92 -0.000445275582316 0.00237105389406 0.00198883264841 -0.00682476666603
0.93 -0.000421565043376 0.00225468113942 0.00192058498175 -0.00662842958167
0.94 -0.000399018231982 0.00214356729191 0.00185430068593 -0.00643566607845
0.95 -0.000377582559062 0.00203745427769 0.00178994402515 -0.00624664031019
0.96 -0.000357208016286 0.00193610654546 0.00172747762205 -0.00606146887975
0.97 -0.000337846950831 0.00183930799797 0.00166686293325 -0.00588022891239
0.98 -0.000319453870851 0.0017468592945 0.00160806064413 -0.00570296508526
0.99 -0.000301985277906 0.0016585754956 0.00155103099327 -0.00552969570454
1.0 -0.00028539952295 0.00157428402107 0.00149573403623 -0.00536041791994
1.01 -0.00026965668274 0.00149382289249 0.00144212985703 -0.00519511216318
1.02 -0.000254718453815 0.00141703923251 0.0013901787354 -0.00503374589283
1.03 -0.00024054806149 0.00134378799387 0.00133984127647 -0.00487627672382
1.04 -0.000227110181551 0.00127393089263 0.00129107850923 -0.00472265501457
1.05 -0.000214370872625 0.00120733552154 0.00124385195908 -0.00457282597985
1.06 -0.000202297517409 0.00114387462089 0.00119812369929 -0.00442673139185
1.07 -0.0001908587712 0.0010834254862 0.00115385638537 -0.00428431092694
1.08 -0.000180024516338 0.00102586949336 0.0011110132761 -0.00414550320999
1.09 -0.000169765821405 0.000971091724021 0.001069558244 -0.00401024660317
1.1 -0.000160054904164 0.000918980675289 0.00102945577797 -0.00387847978132
1.11 -0.000150865097411 0.00086942803974 0.000990670980153 -0.00375014213095
1.12 -0.000142170817014 0.00082232854306 0.000953169558843 -0.00362517400584
1.13 -0.000133947531583 0.0007775798283 0.000916917818785 -0.0035035168679
1.14 -0.0001261717333 0.00073508237701 0.000881882650106 -0.00338511333823
1.15 -0.00011882090953 0.000694739458836 0.000848031516724 -0.00326990717968
1.16 -0.000111873514942 0.000656457102368 0.000815332444927 -0.00315784322917
1.17 -0.000105308943918 0.000620144081094 0.000783754012635 -0.00304886729502
1.18 -9.91075031074e-05 0.000585711909315 0.000753265339685 -0.00294292603199
1.19 -9.32503840142e-05 0.000553074843769 0.000723836079365 -0.00283996680447
1.2 -8.77196355765e-05 0.00052214988748 0.00069543641132 -0.00273993754615
1.21 -8.24981367017e-05 0.000492856793089 0.000668037035859 -0.00264278662277
1.22 -7.75695687709e-05 0.000465118063496 0.000641609169631 -0.00254846270287
1.23 -7.29183881359e-05 0.000438858948217 0.000616124542602 -0.00245691464049
1.24 -6.85297986537e-05 0.000414007434283 0.000591555396197 -0.00236809137207
1.25 -6.43897243109e-05 0.000390494230943 0.000567874482477 -0.00228194182946
1.26 -6.04847820015e-05 0.000368252747707 0.000545055064182 -0.00219841486966
1.27 -5.68022545244e-05 0.000347219065599 0.000523070915486 -0.00211745922157
1.28 -5.33300638684e-05 0.000327331901659 0.00050189632327 -0.00203902344945
1.29 -5.00567448518e-05 0.000308532566954 0.000481506088775 -0.00196305593227
1.3 -4.69714191823e-05 0.000290764918457 0.000461875529453 -0.001889504858
1.31 -4.40637699977e-05 0.000273975305286 0.000442980480873 -0.00181831823152
1.32 -4.13240169448e-05 0.000258112509855 0.000424797298557 -0.00174944389483
1.33 -3.87428918463e-05 0.000243127684546 0.000407302859609 -0.00168282955796
1.34 -3.63116150008e-05 0.000228974284513 0.000390474564029 -0.00161842283919
1.35 -3.40218721557e-05 0.000215607997275 0.000374290335638 -0.00155617131291
1.36 -3.18657921829e-05 0.00020298666972 0.000358728622509 -0.00149602256384
1.37 -2.98359254857e-05 0.000191070233133 0.00034376839687 -0.00143792424597
1.38 -2.79252231544e-05 0.000179820626829 0.00032938915441 -0.00138182414508
1.39 -2.61270168861e-05 0.000169201720954 0.00031557091296 -0.00132767024346
1.4 -2.44349996766e-05 0.000159179238953 0.000302294210525 -0.00127541078586
1.41 -2.2843207287e-05 0.000149720680175 0.000289540102667 -0.00122499434549
1.42 -2.13460004853e-05 0.000140795243043 0.000277290159212 -0.00117636988932
1.43 -1.99380480549e-05 0.000132373749167 0.000265526460318 -0.00112948684177
1.44 -1.86143105632e-05 0.000124428568717 0.000254231591901 -0.00108429514631
1.45 -1.7370024876e-05 0.00011693354736 0.000243388640438 -0.0010407453241
1.46 -1.62006894024e-05 0.000109863935002 0.000232981187197 -0.000998788529619
1.47 -1.51020500524e-05 0.00010319631652 0.0002229933019 -0.000958376602509
1.48 -1.40700868872e-05 9.69085446754e-05 0.000213409535875 -0.00091946211567
1.49 -1.31010014405e-05 9.09796753195e-05 0.000204214914719 -0.000881998419247
1.5 -1.21912046873e-05 8.5389904988e-05 0.000195394930526 -0.000845939680432
1.51 -1.13373056374e-05 8.01205109603e-05 0.000186935533722 -0.000811240919035
1.52 -1.05361005278e-05 7.5153793815e-05 0.000178823124532 -0.000777858038798
1.53 -9.78456258962e-06 7.04730224999e-05 0.000171044544144 -0.000745747854518
1.54 -9.07983236463e-06 6.60623819127e-05 0.000163587065598 -0.000714868115059
1.55 -8.4192085455e-06 6.19069229673e-05 0.000156438384448 -0.000685177522383
1.56 -7.80013931583e-06 5.79925151073e-05 0.000149586609224 -0.000656635746748
1.57 -7.22021416475e-06 5.43058012163e-05 0.000143020251756 -0.000629203438249
1.58 -6.67715615259e-06 5.08341548602e-05 0.000136728217374 -0.000602842234908
1.59 -6.16881460399e-06 4.75656397913e-05 0.000130699795025 -0.000577514767503
1.6 -5.69315820607e-06 4.44889716357e-05 0.00012492464735 -0.000553184661362
1.61 -5.24826848972e-06 4.15934816801e-05 0.000119392800736 -0.000529816535338
1.62 -4.83233367292e-06 3.88690826712e-05 0.000114094635383 -0.000507375998198
1.63 -4.4436428462e-06 3.63062365375e-05 0.000109020875401 -0.000485829642627
1.64 -4.08058048083e-06 3.3895923944e-05 0.000104162578975 -0.000465145037085
1.65 -3.74162124139e-06 3.16296155879e-05 9.95111286038e-05 -0.00044529071572
1.66 -3.42532508551e-06 2.9499245146e-05 9.50582214466e-05 -0.000426236166539
1.67 -3.13033263405e-06 2.74971837846e-05 9.07958597812e-05 -0.000407951818043
1.68 -2.85536079621e-06 2.5616216146e-05 8.67163416008e-05 -0.000390409024503
1.69 -2.59919863475e-06 2.3849517727e-05 8.28122513557e-05 -0.000373580050068
1.7 -2.36070345748e-06 2.21906335686e-05 7.90764508551e-05 -0.000357438051851
1.71 -2.13879712179e-06 2.06334581795e-05 7.55020703366e-05 -0.000341957062173
1.72 -1.93246253999e-06 1.91722166179e-05 7.20824997148e-05 -0.000327111970089
1.73 -1.74074037382e-06 1.78014466618e-05 6.88113800139e-05 -0.000312878502343
1.74 -1.5627259072e-06 1.6515982e-05 6.56825949905e-05 -0.000299233203866
1.75 -1.3975660872e-06 1.531093638e-05 6.26902629518e-05 -0.000286153417937
1.76 -1.2444567234e-06 1.41816886541e-05 5.98287287725e-05 -0.000273617266103
1.77 -1.10263983686e-06 1.31238686655e-05 5.70925561114e-05 -0.000261603627953
1.78 -9.71401150203e-07 1.21333439234e-05 5.44765198319e-05 -0.00025009212083
1.79 -8.50067710969e-07 1.12062070158e-05 5.19755986236e-05 -0.000239063079548
1.8 -7.38005640811e-07 1.0338763716e-05 4.95849678281e-05 -0.000228497536196
1.81 -6.34618003651e-07 9.52752173742e-06 4.72999924662e-05 -0.000218377200062
1.82 -5.39342786277e-07 8.76918009784e-06 4.51162204655e-05 -0.000208684437757
1.83 -4.51650985298e-07 8.06061905587e-06 4.3029376088e-05 -0.000199402253557
1.84 -3.71044794739e-07 7.39889058403e-06 4.10353535524e-05 -0.000190514270022
1.85 -2.97055888899e-07 6.78120934676e-06 3.91302108522e-05 -0.000182004708906
1.86 -2.29243795432e-07 6.20494415325e-06 3.73101637631e-05 -0.000173858372406
1.87 -1.67194353899e-07 5.66760985709e-06 3.55715800391e-05 -0.000166060624749
1.88 -1.10518255328e-07 5.1668596771e-06 3.39109737916e-05 -0.00015859737416
1.89 -5.88496585571e-08 4.70047791504e-06 3.232500005e-05 -0.000151455055209
1.9 -1.18448794067e-08 4.26637304814e-06 3.08104494979e-05 -0.000144620611552
1.91 3.08188510747e-08 3.86257117538e-06 2.93642433824e-05 -0.00013808147908
1.92 6.94445628285e-08 3.48720979842e-06 2.79834285915e-05 -0.000131825569484
1.93 1.04316660813e-07 3.13853191901e-06 2.66651728967e-05 -0.000125841254219
1.94 1.35701980003e-07 2.81488043608e-06 2.54067603545e-05 -0.000120117348903
1.95 1.63850784364e-07 2.51469282683e-06 2.42055868655e-05 -0.000114643098123
1.96 1.88997712632e-07 2.23649609704e-06 2.30591558843e-05 -0.000109408160651
1.97 2.11362673602e-07 1.97890198697e-06 2.19650742778e-05 -0.000104402595087
1.98 2.31151693472e-07 1.74060241973e-06 2.09210483269e-05 -9.96168458942e-05
1.99 2.48557717669e-07 1.5203651801e-06 1.99248798679e-05 -9.50417298505e-05
2.0 2.6376136947e-07 1.31702981231e-06 1.89744625694e-05 -9.06684228901e-05
2.01 2.76931667593e-07 1.12950372607e-06 1.80677783405e-05 -8.64884473401e-05
2.02 2.88226704854e-07 9.56758500489e-07 1.72028938671e-05 -8.24936595412e-05
2.03 2.97794289859e-07 7.97826376427e-07 1.63779572717e-05 -7.86762378466e-05
2.04 3.05772553623e-07 6.51796928101e-07 1.55911948933e-05 -7.5028670991e-05
2.05 3.12290522904e-07 5.17813905229e-07 1.48409081834e-05 -7.15437468213e-05
2.06 3.17468661957e-07 3.95072237584e-07 1.41254707151e-05 -6.82145413832e-05
2.07 3.21419384333e-07 2.82815194079e-07 1.34433253013e-05 -6.50344083531e-05
2.08 3.24247536273e-07 1.80331688999e-07 1.27929812178e-05 -6.19969688087e-05
2.09 3.26050853163e-07 8.69537282695e-08 1.21730115297e-05 -5.90961013297e-05
2.1 3.26920390446e-07 2.05398902026e-09 1.15820505164e-05 -5.63259324205e-05
2.11 3.26940930336e-07 -7.49564739816e-08 1.10187911922e-05 -5.36808272464e-05
2.12 3.26191365596e-07 -1.44630401185e-07 1.04819829197e-05 -5.11553806753e-05
2.13 3.24745061585e-07 -2.07486386255e-07 9.97042911297e-06 -4.87444086177e-05
2.14 3.22670197722e-07 -2.64010824817e-07 9.48298502679e-06 -4.64429396554e-05
2.15 3.20030089474e-07 -3.14659759308e-07 9.01855563024e-06 -4.42462069526e-05
2.16 3.16883491881e-07 -3.59860625032e-07 8.57609356071e-06 -4.21496404411e-05
2.17 3.1328488563e-07 -4.00013902322e-07 8.1545971563e-06 -4.01488592717e-05
2.18 3.09284746607e-07 -4.35494679463e-07 7.75310856358e-06 -3.82396645248e-05
2.19 3.04929799813e-07 -4.66654130843e-07 7.37071191834e-06 -3.64180321724e-05
2.2 3.00263258504e-07 -4.93820914593e-07 7.00653159661e-06 -3.4680106285e-05
2.21 2.95325049358e-07 -5.17302493779e-07 6.65973053376e-06 -3.30221924754e-05
2.22 2.9015202442e-07 -5.3738638504e-07 6.32950860901e-06 -3.14407515735e-05
2.23 2.8477816057e-07 -5.54341338369e-07 6.01510109327e-06 -2.99323935238e-05
2.24 2.79234747186e-07 -5.68418451587e-07 5.71577715803e-06 -2.84938715013e-05
2.25 2.7355056267e-07 -5.79852222879e-07 5.43083844302e-06 -2.71220762363e-05
2.26 2.67752040442e-07 -5.88861544608e-07 5.15961768066e-06 -2.5814030545e-05
2.27 2.61863424996e-07 -5.95650641484e-07 4.90147737521e-06 -2.45668840564e-05
2.28 2.55906918581e-07 -6.00409956001e-07 4.65580853464e-06 -2.33779081321e-05
2.29 2.49902819021e-07 -6.03316983926e-07 4.42202945332e-06 -2.22444909714e-05
2.3 2.43869649181e-07 -6.04537062499e-07 4.19958454361e-06 -2.11641328967e-05
2.31 2.37824278556e-07 -6.04224113849e-07 3.98794321464e-06 -2.01344418129e-05
2.32 2.31782037418e-07 -6.02521346038e-07 3.78659879651e-06 -1.91531288359e-05
2.33 2.25756823958e-07 -5.99561914002e-07 3.59506750815e-06 -1.82180040842e-05
2.34 2.19761204818e-07 -5.95469542565e-07 3.41288746731e-06 -1.73269726285e-05
2.35 2.13806509392e-07 -5.90359113567e-07 3.23961774103e-06 -1.64780305942e-05
2.36 2.07902918256e-07 -5.84337219079e-07 3.07483743509e-06 -1.56692614124e-05
2.37 2.02059546065e-07 -5.77502682547e-07 2.91814482096e-06 -1.48988322124e-05
2.38 1.9628451924e-07 -5.69947049623e-07 2.76915649884e-06 -1.41649903536e-05
2.39 1.90585048744e-07 -5.61755050364e-07 2.6275065953e-06 -1.34660600903e-05
2.4 1.8496749824e-07 -5.53005034361e-07 2.4928459944e-06 -1.28004393657e-05
2.41 1.79437447897e-07 -5.4376938032e-07 2.36484160074e-06 -1.21665967299e-05
2.42 1.73999754093e-07 -5.34114881496e-07 2.24317563344e-06 -1.15630683785e-05
2.43 1.68658605278e-07 -5.24103108342e-07 2.12754494966e-06 -1.09884553075e-05
2.44 1.63417574195e-07 -5.13790749632e-07 2.01766039658e-06 -1.04414205792e-05
2.45 1.58279666699e-07 -5.03229933277e-07 1.91324619079e-06 -9.92068669702e-06
2.46 1.53247367366e-07 -4.92468527974e-07 1.81403932382e-06 -9.4250330839e-06
2.47 1.48322682086e-07 -4.81550426756e-07 1.71978899298e-06 -8.95329366142e-06
2.48 1.43507177819e-07 -4.70515813489e-07 1.63025605637e-06 -8.5043545255e-06
2.49 1.38802019684e-07 -4.59401413256e-07 1.54521251111e-06 -8.07715171547e-06
2.5 1.34208005551e-07 -4.48240727566e-07 1.46444099396e-06 -7.67066907299e-06
2.51 1.29725598275e-07 -4.37064255237e-07 1.38773430323e-06 -7.28393618755e-06
2.52 1.25354955723e-07 -4.25899699779e-07 1.31489494135e-06 -6.91602642528e-06
2.53 1.21095958725e-07 -4.14772164048e-07 1.2457346771e-06 -6.56605503808e-06
2.54 1.16948237085e-07 -4.03704332896e-07 1.18007412672e-06 -6.23317734997e-06
2.55 1.12911193756e-07 -3.92716644513e-07 1.11774235322e-06 -5.91658701779e-06
2.56 1.08984027311e-07 -3.81827451121e-07 1.05857648304e-06 -5.61551436341e-06
2.57 1.051657528e-07 -3.71053169609e-07 1.0024213394e-06 -5.32922477485e-06
2.58 1.01455221103e-07 -3.60408422728e-07 9.49129091656e-07 -5.05701717344e-06
2.59 9.78511368761e-08 -3.49906171362e-07 8.98558919922e-07 -4.79822254474e-06
2.6 9.43520751625e-08 -3.39557838417e-07 8.50576694474e-07 -4.5522025306e-06
2.61 9.09564967784e-08 -3.29373424811e-07 8.05054669168e-07 -4.31834808e-06
2.62 8.76627625302e-08 -3.19361618021e-07 7.61871188368e-07 -4.09607815644e-06
2.63 8.446914635e-08 -3.09529893637e-07 7.20910406804e-07 -3.88483849965e-06
2.64 8.13738474137e-08 -2.99884610329e-07 6.82062021808e-07 -3.68410043944e-06
2.65 7.83750013104e-08 -2.90431098611e-07 6.45221017413e-07 -3.49335975965e-06
2.66 7.54706903243e-08 -2.81173743784e-07 6.10287419817e-07 -3.31213561026e-06
2.67 7.26589528864e-08 -2.72116063393e-07 5.77166063714e-07 -3.13996946571e-06
2.68 6.99377922525e-08 -2.63260779531e-07 5.45766369057e-07 -2.97642412753e-06
2.69 6.73051844572e-08 -2.54609886297e-07 5.16002127782e-07 -2.82108276961e-06
2.7 6.47590855942e-08 -2.46164712705e-07 4.87791300086e-07 -2.67354802432e-06
2.71 6.22974384672e-08 -2.37925981307e-07 4.61055819842e-07 -2.53344110782e-06
2.72 5.99181786541e-08 -2.29893862804e-07 4.35721408764e-07 -2.40040098306e-06
2.73 5.76192400261e-08 -2.22068026887e-07 4.11717398934e-07 -2.27408355882e-06
2.74 5.53985597572e-08 -2.14447689526e-07 3.88976563345e-07 -2.15416092339e-06
2.75 5.32540828619e-08 -2.0703165694e-07 3.67434954112e-07 -2.04032061146e-06
2.76 5.11837662925e-08 -1.99818366451e-07 3.47031747997e-07 -1.93226490289e-06
2.77 4.9185582628e-08 -1.92805924402e-07 3.27709098968e-07 -1.82971015193e-06
2.78 4.7257523384e-08 -1.85992141348e-07 3.09411997449e-07 -1.73238614578e-06
2.79 4.53976019705e-08 -1.79374564658e-07 2.92088135991e-07 -1.64003549115e-06
2.8 4.36038563239e-08 -1.7295050872e-07 2.75687781079e-07 -1.55241302776e-06
2.81 4.18743512367e-08 -1.66717082887e-07 2.60163650802e-07 -1.4692852676e-06
2.82 4.02071804079e-08 -1.60671217305e-07 2.45470798126e-07 -1.39042985879e-06
2.83 3.86004682348e-08 -1.54809686773e-07 2.31566499538e-07 -1.31563507324e-06
2.84 3.70523713671e-08 -1.49129132742e-07 2.18410148806e-07 -1.24469931686e-06
2.85 3.55610800397e-08 -1.43626083596e-07 2.05963155637e-07 -1.17743066151e-06
2.86 3.41248192037e-08 -1.38296973304e-07 1.94188849022e-07 -1.11364639774e-06
2.87 3.27418494707e-08 -1.3313815857e-07 1.83052385044e-07 -1.05317260742e-06
2.88 3.1410467885e-08 -1.2814593457e-07 1.7252065897e-07 -9.95843755458e-07
2.89 3.01290085393e-08 -1.23316549369e-07 1.62562221416e-07 -9.41502299707e-07
2.9 2.88958430456e-08 -1.18646217114e-07 1.53147198419e-07 -8.89998318416e-07
2.91 2.77093808744e-08 -1.14131130076e-07 1.44247215234e-07 -8.41189154341e-07
2.92 2.65680695737e-08 -1.09767469632e-07 1.35835323691e-07 -7.9493907488e-07
2.93 2.54703948774e-08 -1.05551416245e-07 1.27885932942e-07 -7.51118947519e-07
2.94 2.44148807149e-08 -1.01479158525e-07 1.20374743467e-07 -7.09605929934e-07
2.95 2.34000891297e-08 -9.75469014252e-08 1.13278684168e-07 -6.70283174099e-07
2.96 2.24246201154e-08 -9.3750873641e-08 1.06575852427e-07 -6.3303954382e-07
2.97 2.1487111379e-08 -9.00873342629e-08 1.00245456988e-07 -5.97769345091e-07
2.98 2.05862380364e-08 -8.65525787424e-08 9.42677635375e-08 -5.64372068714e-07
2.99 1.9720712249e-08 -8.31429442173e-08 8.86240428504e-08 -5.32752144665e-07
3.0 1.88892828068e-08 -7.98548142435e-08 8.32965214037e-08 -5.02818707672e-07
3.01 1.80907346644e-08 -7.66846229788e-08 7.8268334327e-08 -4.74485373525e-07
3.02 1.73238884346e-08 -7.36288588591e-08 7.35234805917e-08 -4.47670025645e-07
3.03 1.6587599846e-08 -7.06840678046e-08 6.90467803353e-08 -4.22294611455e-07
3.04 1.58807591679e-08 -6.78468559936e-08 6.48238342207e-08 -3.98284948128e-07
3.05 1.5202290608e-08 -6.51138922367e-08 6.08409847395e-08 -3.75570537293e-07
3.06 1.45511516856e-08 -6.24819099833e-08 5.70852793665e-08 -3.54084388296e-07
3.07 1.39263325858e-08 -5.99477089897e-08 5.35444354836e-08 -3.33762849654e-07
3.08 1.33268554959e-08 -5.75081566759e-08 5.0206806987e-08 -3.14545448314e-07
3.09 1.27517739291e-08 -5.51601891978e-08 4.70613525039e-08 -2.9637473639e-07
3.1 1.22001720372e-08 -5.29008122582e-08 4.409760514e-08 -2.79196145024e-07
3.11 1.16711639146e-08 -5.07271016786e-08 4.13056436897e-08 -2.62957845072e-07
3.12 1.11638928978e-08 -4.86362037536e-08 3.8676065239e-08 -2.47610614292e-07
3.13 1.06775308603e-08 -4.66253354061e-08 3.61999590961e-08 -2.33107710749e-07
3.14 1.02112775062e-08 -4.46917841628e-08 3.38688819886e-08 -2.19404752162e-07
3.15 9.76435966456e-09 -4.28329079655e-08 3.1674834467e-08 -2.0645960091e-07
3.16 9.33603058491e-09 -4.1046134835e-08 2.96102384579e-08 -1.94232254452e-07
3.17 8.92556923656e-09 -3.93289624009e-08 2.76679159134e-08 -1.82684740919e-07
3.18 8.53227961255e-09 -3.76789573124e-08 2.58410685042e-08 -1.71781019629e-07
3.19 8.15549003942e-09 -3.60937545406e-08 2.41232583079e-08 -1.61486886313e-07
3.2 7.79455249402e-09 -3.45710565863e-08 2.25083894448e-08 -1.51769882834e-07
3.21 7.44884192816e-09 -3.3108632602e-08 2.09906906164e-08 -1.42599211188e-07
3.22 7.11775560214e-09 -3.17043174387e-08 1.95646985045e-08 -1.33945651603e-07
3.23 6.80071242775e-09 -3.0356010628e-08 1.82252419885e-08 -1.2578148453e-07
3.24 6.49715232147e-09 -2.90616753053e-08 1.69674271432e-08 -1.18080416373e-07
3.25 6.20653556842e-09 -2.78193370853e-08 1.57866229795e-08 -1.10817508755e-07
3.26 5.92834219756e-09 -2.66270828938e-08 1.46784478919e-08 -1.0396911118e-07
3.27 5.66207136862e-09 -2.5483059765e-08 1.36387567801e-08 -9.75127969277e-08
3.28 5.40724077097e-09 -2.43854736084e-08 1.26636288108e-08 -9.14273020283e-08
3.29 5.16338603489e-09 -2.33325879535e-08 1.17493557906e-08 -8.56924671732e-08
3.3 4.93006015535e-09 -2.23227226738e-08 1.08924311188e-08 -8.02891824318e-08
3.31 4.70683292862e-09 -2.13542526987e-08 1.00895392945e-08 -7.5199334639e-08
3.32 4.49329040163e-09 -2.04256067151e-08 9.33754594813e-09 -7.0405757329e-08
3.33 4.28903433448e-09 -1.9535265863e-08 8.63348837484e-09 -6.58921830976e-08
3.34 4.09368167585e-09 -1.868176243e-08 7.97456654386e-09 -6.16431982794e-08
3.35 3.90686405155e-09 -1.78636785458e-08 7.35813456107e-09 -5.76441998293e-08
3.36 3.72822726609e-09 -1.70796448823e-08 6.78169256277e-09 -5.38813543079e-08
3.37 3.55743081727e-09 -1.63283393593e-08 6.24287901969e-09 -5.03415588682e-08
3.38 3.39414742368e-09 -1.56084858599e-08 5.73946343101e-09 -4.70124041528e-08
3.39 3.23806256508e-09 -1.49188529577e-08 5.26933938948e-09 -4.38821390078e-08
3.4 3.0888740355e-09 -1.42582526563e-08 4.83051799941e-09 -4.09396369306e-08
3.41 2.94629150894e-09 -1.36255391452e-08 4.4211216301e-09 -3.81743641667e-08
3.42 2.81003611748e-09 -1.30196075711e-08 4.03937798843e-09 -3.55763493792e-08
3.43 2.67984004177e-09 -1.24393928277e-08 3.68361449464e-09 -3.31361548151e-08
3.44 2.5554461135e-09 -1.18838683645e-08 3.35225294649e-09 -3.08448488971e-08
3.45 2.43660742985e-09 -1.13520450159e-08 3.04380445752e-09 -2.86939801729e-08
3.46 2.32308697969e-09 -1.08429698505e-08 2.75686465579e-09 -2.66755525579e-08
3.47 2.21465728119e-09 -1.03557250436e-08 2.49010913021e-09 -2.47820018078e-08
3.48 2.11110003075e-09 -9.88942677052e-09 2.24228911213e-09 -2.30061731629e-08
3.49 2.01220576305e-09 -9.44322412388e-09 2.01222738051e-09 -2.13413001081e-08
3.5 1.91777352181e-09 -9.01629805382e-09 1.79881437942e-09 -1.97809841942e-08
3.51 1.82761054127e-09 -8.60786033181e-09 1.60100453748e-09 -1.83191758691e-08
3.52 1.74153193795e-09 -8.21715253847e-09 1.41781277879e-09 -1.69501562716e-08
3.53 1.65936041257e-09 -7.84344507532e-09 1.24831121608e-09 -1.56685199384e-08
3.54 1.58092596181e-09 -7.48603620072e-09 1.09162601669e-09 -1.44691583832e-08
3.55 1.50606559981e-09 -7.14425108994e-09 9.4693443286e-10 -1.33472445031e-08
3.56 1.43462308891e-09 -6.81744091931e-09 8.13461987829e-10 -1.22982177731e-08
3.57 1.36644867971e-09 -6.5049819744e-09 6.90479810098e-10 -1.13177701901e-08
3.58 1.30139885997e-09 -6.20627478211e-09 5.77302108197e-10 -1.04018329298e-08
3.59 1.23933611215e-09 -5.92074326645e-09 4.73283778899e-10 -9.54656368084e-09
3.6 1.18012867948e-09 -5.64783392777e-09 3.77818142091e-10 -8.7483346251e-09
3.61 1.12365034021e-09 -5.38701504525e-09 2.9033479584e-10 -8.00372102945e-09
3.62 1.06978018975e-09 -5.13777590236e-09 2.10297585545e-10 -7.30949042141e-09
3.63 1.01840243073e-09 -4.89962603488e-09 1.37202681331e-10 -6.6625923185e-09
3.64 9.69406170381e-10 -4.67209450127e-09 7.0576758146e-11 -6.06014848453e-09
3.65 9.22685225369e-10 -4.45472917495e-09 9.97527330067e-12 -5.49944368655e-09
3.66 8.78137933619e-10 -4.24709605818e-09 -4.50191635648e-11 -4.97791692774e-09
3.67 8.35666973037e-10 -4.04877861706e-09 -9.47983328422e-11 -4.49315313256e-09
3.68 7.95179186867e-10 -3.85937713731e-09 -1.39729864168e-10 -4.04287526172e-09
3.69 7.56585415494e-10 -3.67850810041e-09 -1.80158616785e-10 -3.6249368355e-09
3.7 7.1980033449e-10 -3.50580357965e-09 -2.1640798514e-10 -3.23731484512e-09
3.71 6.84742298693e-10 -3.34091065571e-09 -2.48781133591e-10 -2.87810303265e-09
3.72 6.51333192136e-10 -3.18349085121e-09 -2.77562163918e-10 -2.54550552109e-09
3.73 6.19498283624e-10 -3.03321958396e-09 -3.03017219129e-10 -2.23783077701e-09
3.74 5.89166087784e-10 -2.88978563829e-09 -3.25395526899e-10 -1.95348588907e-09
3.75 5.60268231401e-10 -2.7528906542e-09 -3.4493038579e-10 -1.69097114643e-09
3.76 5.32739324859e-10 -2.62224863369e-09 -3.61840097254e-10 -1.44887490199e-09
3.77 5.06516838523e-10 -2.49758546395e-09 -3.76328846274e-10 -1.22586870608e-09
3.78 4.81540983883e-10 -2.37863845697e-09 -3.88587533335e-10 -1.02070269679e-09
3.79 4.57754599313e-10 -2.26515590504e-09 -3.98794560303e-10 -8.32201234093e-10
3.8 4.35103040263e-10 -2.15689665176e-09 -4.07116572643e-10 -6.59258765173e-10
3.81 4.13534073745e-10 -2.0536296782e-09 -4.13709160295e-10 -5.00835909361e-10
3.82 3.92997776963e-10 -1.95513370358e-09 -4.18717519389e-10 -3.55955751354e-10
3.83 3.73446439927e-10 -1.86119680028e-09 -4.22277076902e-10 -2.23700332129e-10
3.84 3.54834471925e-10 -1.77161602257e-09 -4.24514080224e-10 -1.03207327402e-10
3.85 3.37118311699e-10 -1.68619704884e-09 -4.25546153498e-10 6.33309597684e-12
3.86 3.20256341211e-10 -1.60475383671e-09 -4.25482822538e-10 1.05681254847e-10
3.87 3.04208802843e-10 -1.52710829076e-09 -4.24426009989e-10 1.95550764479e-10
3.88 2.88937719936e-10 -1.45308994256e-09 -4.22470502345e-10 2.76611201481e-10
3.89 2.7440682051e-10 -1.38253564235e-09 -4.1970439033e-10 3.49490622746e-10
3.9 2.60581464087e-10 -1.31528926235e-09 -4.16209484102e-10 4.14777947867e-10
3.91 2.47428571463e-10 -1.25120141098e-09 -4.12061704624e-10 4.73025212147e-10
3.92 2.34916557353e-10 -1.19012915797e-09 -4.07331452502e-10 5.24749696895e-10
3.93 2.23015265774e-10 -1.13193576967e-09 -4.02083955533e-10 5.70435943443e-10
3.94 2.11695908077e-10 -1.07649045455e-09 -3.96379596099e-10 6.10537656931e-10
3.95 2.00931003532e-10 -1.02366811827e-09 -3.90274219529e-10 6.45479505639e-10
3.96 1.90694322349e-10 -9.73349128199e-10 -3.83819424473e-10 6.75658821349e-10
3.97 1.80960831067e-10 -9.25419086949e-10 -3.7706283626e-10 7.01447205929e-10
3.98 1.71706640197e-10 -8.79768614669e-10 -3.700483642e-10 7.23192049089e-10
3.99 1.62908954051e-10 -8.36293139771e-10 -3.62816443709e-10 7.41217961982e-10
4.0 1.54546022653e-10 -7.94892697813e-10 -3.5540426409e-10 7.55828131126e-10
4.01 1.46597095675e-10 -7.55471738243e-10 -3.47845982778e-10 7.67305596839e-10
4.02 1.39042378292e-10 -7.17938938732e-10 -3.4017292681e-10 7.75914460223e-10
4.03 1.31862988905e-10 -6.82207026824e-10 -3.32413782208e-10 7.81901022491e-10
4.04 1.25040918637e-10 -6.48192608653e-10 -3.24594771983e-10 7.85494860244e-10
4.05 1.1855899255e-10 -6.15816004449e-10 -3.1673982338e-10 7.8690984013e-10
4.06 1.12400832506e-10 -5.8500109062e-10 -3.08870724979e-10 7.86345076124e-10
4.07 1.065508216e-10 -5.5567514814e-10 -3.01007274218e-10 7.83985832528e-10
4.08 1.00994070118e-10 -5.27768717033e-10 -2.93167415893e-10 7.80004375594e-10
4.09 9.57163829479e-11 -5.01215456723e-10 -2.85367372137e-10 7.74560776556e-10
4.1 9.07042283807e-11 -4.75952012029e-10 -2.77621764371e-10 7.678036687e-10
4.11 8.59447082604e-11 -4.51917884599e-10 -2.69943727684e-10 7.59870960949e-10
4.12 8.14255294144e-11 -4.29055309582e-10 -2.62345018075e-10 7.50890510351e-10
4.13 7.71349763186e-11 -4.07309137332e-10 -2.54836112971e-10 7.40980755684e-10
4.14 7.30618849452e-11 -3.86626719968e-10 -2.47426305414e-10 7.30251314326e-10
4.15 6.91956177456e-11 -3.66957802591e-10 -2.40123792271e-10 7.18803544378e-10
4.16 6.55260397197e-11 -3.48254418989e-10 -2.32935756827e-10 7.06731073966e-10
4.17 6.20434955298e-11 -3.30470791662e-10 -2.25868446088e-10 6.94120299522e-10
4.18 5.87387876131e-11 -3.13563235984e-10 -2.18927243092e-10 6.81050854754e-10
4.19 5.56031552533e-11 -2.97490068366e-10 -2.12116734545e-10 6.67596051923e-10
4.2 5.26282545696e-11 -2.82211518241e-10 -2.05440774026e-10 6.5382329698e-10
4.21 4.98061393872e-11 -2.67689643739e-10 -1.98902541056e-10 6.39794479996e-10
4.22 4.71292429498e-11 -2.53888250902e-10 -1.92504596256e-10 6.25566342274e-10
4.23 4.45903604408e-11 -2.40772816294e-10 -1.86248932833e-10 6.11190821451e-10
4.24 4.21826322779e-11 -2.28310412883e-10 -1.80137024619e-10 5.96715375813e-10
4.25 3.98995281491e-11 -2.16469639057e-10 -1.7416987086e-10 5.82183289003e-10
4.26 3.77348317585e-11 -2.05220550654e-10 -1.6834803797e-10 5.67633956225e-10
4.27 3.56826262519e-11 -1.94534595881e-10 -1.62671698408e-10 5.53103152984e-10
4.28 3.37372802931e-11 -1.84384553012e-10 -1.57140666878e-10 5.38623287366e-10
4.29 3.1893434763e-11 -1.74744470751e-10 -1.51754434005e-10 5.24223636784e-10
4.3 3.01459900555e-11 -1.65589611145e-10 -1.46512197637e-10 5.09930570081e-10
4.31 2.84900939441e-11 -1.56896394963e-10 -1.41412891936e-10 4.95767755834e-10
4.32 2.69211299944e-11 -1.48642349419e-10 -1.36455214378e-10 4.81756357638e-10
4.33 2.54347065002e-11 -1.40806058154e-10 -1.31637650801e-10 4.67915217139e-10
4.34 2.40266459187e-11 -1.3336711339e-10 -1.2695849863e-10 4.5426102551e-10
4.35 2.26929747848e-11 -1.26306070151e-10 -1.22415888375e-10 4.40808484047e-10
4.36 2.14299140833e-11 -1.19604402486e-10 -1.18007803534e-10 4.27570454517e-10
4.37 2.02338700584e-11 -1.13244461593e-10 -1.13732098989e-10 4.14558099863e-10
4.38 1.91014254425e-11 -1.07209435779e-10 -1.0958651799e-10 4.01781015817e-10
4.39 1.80293310847e-11 -1.01483312166e-10 -1.05568707832e-10 3.89247353975e-10
4.4 1.7014497963e-11 -9.60508400909e-11 -1.01676234293e-10 3.76963936822e-10
4.41 1.60539895621e-11 -9.0897496103e-11 -9.79065949243e-11 3.649363652e-10
4.42 1.51450146011e-11 -8.6009450514e-11 -9.42572312723e-11 3.53169118649e-10
4.43 1.4284920096e-11 -8.1373535423e-11 -9.07255400858e-11 3.41665649072e-10
4.44 1.34711847417e-11 -7.69772141578e-11 -8.73088835951e-11 3.304284681e-10
4.45 1.27014126002e-11 -7.28085520742e-11 -8.40045989141e-11 3.19459228556e-10
4.46 1.19733270794e-11 -6.8856188653e-11 -8.08100066285e-11 3.08758800364e-10
4.47 1.12847651929e-11 -6.51093108415e-11 -7.77224186249e-11 2.98327341244e-10
4.48 1.06336720845e-11 -6.15576275861e-11 -7.47391452125e-11 2.88164362513e-10
4.49 1.00180958086e-11 -5.8191345505e-11 -7.18575015873e-11 2.78268790291e-10
4.5 9.43618235356e-12 -5.50011456514e-11 -6.90748136844e-11 2.68639022392e-10
4.51 8.88617089704e-12 -5.19781613228e-11 -6.63884234605e-11 2.59272981174e-10
4.52 8.36638928381e-12 -4.91139568684e-11 -6.37956936488e-11 2.50168162591e-10
4.53 7.87524971513e-12 -4.64005074537e-11 -6.12940120229e-11 2.41321681695e-10
4.54 7.41124464059e-12 -4.38301797404e-11 -5.88807952059e-11 2.32730314797e-10
4.55 6.97294284319e-12 -4.13957134415e-11 -5.6553492058e-11 2.24390538517e-10
4.56 6.55898570877e-12 -3.90902037136e-11 -5.43095866728e-11 2.16298565899e-10
4.57 6.16808367164e-12 -3.69070843511e-11 -5.21466010138e-11 2.08450379796e-10
4.58 5.79901282813e-12 -3.48401117459e-11 -5.00620972158e-11 2.00841763694e-10
4.59 5.45061171067e-12 -3.28833495795e-11 -4.80536795789e-11 1.93468330137e-10
4.6 5.12177821487e-12 -3.10311542161e-11 -4.61189962775e-11 1.86325546915e-10
4.61 4.81146667271e-12 -2.92781607649e-11 -4.42557408084e-11 1.79408761157e-10
4.62 4.51868506506e-12 -2.76192697832e-11 -4.24616531968e-11 1.72713221474e-10
4.63 4.24249236723e-12 -2.6049634591e-11 -4.07345209821e-11 1.66234098267e-10
4.64 3.98199602132e-12 -2.45646491705e-11 -3.90721799994e-11 1.59966502341e-10
4.65 3.73634952961e-12 -2.31599366248e-11 -3.7472514976e-11 1.53905501925e-10
4.66 3.50475016337e-12 -2.18313381707e-11 -3.59334599567e-11 1.4804613821e-10
4.67 3.28643678166e-12 -2.05749026419e-11 -3.44529985746e-11 1.42383439509e-10
4.68 3.08068775524e-12 -1.93868764795e-11 -3.30291641795e-11 1.36912434132e-10
4.69 2.88681899045e-12 -1.82636941891e-11 -3.16600398382e-11 1.31628162061e-10
4.7 2.70418204855e-12 -1.72019692417e-11 -3.03437582176e-11 1.26525685519e-10
4.71 2.53216235614e-12 -1.61984854007e-11 -2.90785013624e-11 1.21600098499e-10
4.72 2.37017750213e-12 -1.52501884541e-11 -2.78625003774e-11 1.16846535335e-10
4.73 2.21767561759e-12 -1.43541783346e-11 -2.66940350241e-11 1.12260178385e-10
4.74 2.07413383424e-12 -1.35077016095e-11 -2.55714332402e-11 1.07836264882e-10
4.75 1.93905681815e-12 -1.27081443242e-11 -2.44930705914e-11 1.03570093023e-10
4.76 1.81197537491e-12 -1.19530251829e-11 -2.34573696611e-11 9.94570273487e-11
4.77 1.69244512308e-12 -1.12399890513e-11 -2.24627993877e-11 9.54925034674e-11
4.78 1.58004523256e-12 -1.05668007666e-11 -2.1507874353e-11 9.16720321722e-11
4.79 1.4743772249e-12 -9.93133924091e-12 -2.05911540313e-11 8.79912030002e-11
4.8 1.37506383249e-12 -9.33159184458e-12 -1.97112420013e-11 8.44456872754e-11
4.81 1.28174791404e-12 -8.76564905648e-12 -1.88667851285e-11 8.10312406773e-11
4.82 1.19409142348e-12 -8.23169936928e-12 -1.80564727217e-11 7.77437053718e-11
4.83 1.11177442979e-12 -7.72802443788e-12 -1.7279035668e-11 7.45790117423e-11
4.84 1.03449418541e-12 -7.25299445964e-12 -1.65332455506e-11 7.15331797517e-11
4.85 9.61964240811e-13 -6.80506377606e-12 -1.58179137531e-11 6.86023199676e-11
4.86 8.9391360305e-13 -6.38276668529e-12 -1.51318905534e-11 6.57826342803e-11
4.87 8.30085936197e-13 -5.98471345601e-12 -1.44740642106e-11 6.30704163381e-11
4.88 7.70238801637e-13 -5.60958653319e-12 -1.38433600472e-11 6.04620517284e-11
4.89 7.14142936305e-13 -5.25613692685e-12 -1.32387395299e-11 5.79540179243e-11
4.9 6.61581567037e-13 -4.92318077526e-12 -1.26591993507e-11 5.55428840216e-11
4.91 6.12349759284e-13 -4.60959607456e-12 -1.21037705105e-11 5.32253102844e-11
4.92 5.66253798538e-13 -4.31431956686e-12 -1.15715174076e-11 5.09980475192e-11
4.93 5.2311060287e-13 -4.03634377952e-12 -1.10615369324e-11 4.88579362939e-11
4.94 4.82747165074e-13 -3.77471420849e-12 -1.05729575695e-11 4.68019060192e-11
4.95 4.4500002299e-13 -3.52852663892e-12 -1.01049385093e-11 4.48269739062e-11
4.96 4.097147566e-13 -3.2969245966e-12 -9.65666877025e-12 4.29302438148e-11
4.97 3.76745510634e-13 -3.07909692404e-12 -9.2273663321e-12 4.11089050059e-11
4.98 3.45954541394e-13 -2.87427547535e-12 -8.81627728204e-12 3.93602308078e-11
4.99 3.1721178664e-13 -2.68173292423e-12 -8.42267497396e-12 3.76815772108e-11
5.0 2.90394457398e-13 -2.50078067974e-12 -8.04585920185e-12 3.60703813967e-11
5.01 2.65386650601e-13 -2.33076690479e-12 -7.68515538789e-12 3.4524160215e-11
5.02 2.42078981553e-13 -2.17107463233e-12 -7.33991378574e-12 3.30405086132e-11
5.03 2.2036823523e-13 -2.02111997473e-12 -7.0095086996e-12 3.161709803e-11
5.04 2.00157035482e-13 -1.88035042174e-12 -6.6933377193e-12 3.02516747572e-11
5.05 1.81353531265e-13 -1.74824322304e-12 -6.39082097173e-12 2.89420582794e-11
5.06 1.63871099034e-13 -1.62430385098e-12 -6.10140038894e-12 2.76861395945e-11
5.07 1.47628060525e-13 -1.50806454e-12 -5.82453899299e-12 2.64818795231e-11
5.08 1.32547415125e-13 -1.39908289885e-12 -5.55972019776e-12 2.53273070114e-11
5.09 1.18556586136e-13 -1.29694059212e-12 -5.30644712765e-12 2.42205174304e-11
5.1 1.05587180215e-13 -1.2012420878e-12 -5.06424195334e-12 2.31596708788e-11
5.11 9.35747593369e-14 -1.11161346767e-12 -4.83264524455e-12 2.214299049e-11
5.12 8.24586246602e-14 -1.02770129735e-12 -4.61121533966e-12 2.11687607493e-11
5.13 7.21816116867e-14 -9.4917155335e-13 -4.39952773216e-12 2.0235325823e-11
5.14 6.26898961532e-14 -8.75708604125e-13 -4.19717447393e-12 1.93410879029e-11
5.15 5.3932810112e-14 -8.07014242633e-13 -4.0037635949e-12 1.84845055675e-11
5.16 4.58626676856e-14 -7.42806767856e-13 -3.81891853923e-12 1.76640921643e-11
5.17 3.84346000071e-14 -6.82820112873e-13 -3.64227761759e-12 1.68784142124e-11
5.18 3.16063988783e-14 -6.26803017237e-13 -3.47349347546e-12 1.61260898295e-11
5.19 2.5338368706e-14 -5.74518241459e-13 -3.31223257717e-12 1.54057871837e-11
5.2 1.95931862914e-14 -5.25741821545e-13 -3.15817470533e-12 1.47162229715e-11
5.21 1.43357680759e-14 -4.80262361617e-13 -3.01101247561e-12 1.40561609231e-11
5.22 9.53314445975e-15 -4.37880362729e-13 -2.87045086638e-12 1.34244103362e-11
5.23 5.15434083246e-15 -3.98407586109e-13 -2.73620676302e-12 1.28198246394e-11
5.24 1.17026497137e-15 -3.61666449102e-13 -2.60800851663e-12 1.22412999844e-11
5.25 -2.44639951965e-15 -3.27489452219e-13 -2.48559551678e-12 1.16877738701e-11
5.26 -5.72129404184e-15 -2.95718635728e-13 -2.36871777808e-12 1.11582237957e-11
5.27 -8.67848039913e-15 -2.66205064332e-13 -2.25713554013e-12 1.06516659467e-11
5.28 -1.13405310424e-14 -2.38808338522e-13 -2.15061888066e-12 1.01671539111e-11
5.29 -1.37286144277e-14 -2.13396131288e-13 -2.04894734155e-12 9.70377742688e-12
5.3 -1.58625757406e-14 -1.8984374891e-13 -1.95190956728e-12 9.26066116178e-12
5.31 -1.77610132297e-14 -1.6803371463e-13 -1.85930295566e-12 8.83696352372e-12
5.32 -1.9441350376e-14 -1.47855374048e-13 -1.77093332042e-12 8.43187550278e-12
5.33 -2.09199041164e-14 -1.29204521164e-13 -1.6866145654e-12 8.04461954415e-12
5.34 -2.22119493281e-14 -1.11983044013e-13 -1.60616836995e-12 7.67444845197e-12
5.35 -2.33317797682e-14 -9.60985889132e-14 -1.52942388543e-12 7.32064432366e-12
5.36 -2.42927656573e-14 -8.14642423821e-14 -1.4562174422e-12 6.9825175145e-12
5.37 -2.51074080812e-14 -6.79982298295e-14 -1.38639226705e-12 6.659405632e-12
5.38 -2.57873903795e-14 -5.5623630174e-14 -1.31979821073e-12 6.35067255973e-12
5.39 -2.63436266812e-14 -4.42681055745e-14 -1.25629148514e-12 6.0557075101e-12
5.4 -2.67863077369e-14 -3.38636455076e-14 -1.19573441004e-12 5.77392410568e-12
5.41 -2.7124944192e-14 -2.43463244591e-14 -1.13799516898e-12 5.50475948851e-12
5.42 -2.73684074366e-14 -1.56560725327e-14 -1.08294757409e-12 5.24767345694e-12
5.43 -2.75249681619e-14 -7.73645831614e-15 -1.03047083952e-12 5.00214762946e-12
5.44 -2.76023327451e-14 -5.34483375195e-16 -9.80449363229e-13 4.76768463495e-12
5.45 -2.76076775788e-14 5.99961222252e-15 -9.3277251688e-13 4.54380732883e-12
5.46 -2.75476814566e-14 1.19125339212e-14 -8.87334443591e-13 4.33005803451e-12
5.47 -2.74285561174e-14 1.7248106768e-14 -8.44033863246e-13 4.12599780961e-12
5.48 -2.72560750497e-14 2.20474400953e-14 -8.0277388515e-13 3.93120573635e-12
5.49 -2.70356006488e-14 2.63490832807e-14 -7.63461827787e-13 3.74527823552e-12
5.5 -2.6772109816e-14 3.01891730478e-14 -7.26009045432e-13 3.56782840347e-12
5.51 -2.64702180855e-14 3.36015727487e-14 -6.90330761397e-13 3.39848537157e-12
5.52 -2.6134202358e-14 3.66180040449e-14 -6.56345907681e-13 3.23689368744e-12
5.53 -2.57680223176e-14 3.92681713846e-14 -6.23976970807e-13 3.08271271754e-12
5.54 -2.53753406037e-14 4.15798796525e-14 -5.93149843631e-13 2.93561607042e-12
5.55 -2.49595418072e-14 4.35791453502e-14 -5.63793682927e-13 2.7952910401e-12
5.56 -2.45237503537e-14 4.52903016479e-14 -5.35840772526e-13 2.66143806905e-12
5.57 -2.40708473372e-14 4.67360976293e-14 -5.09226391836e-13 2.53377023013e-12
5.58 -2.36034863609e-14 4.79377920361e-14 -4.83888689534e-13 2.41201272708e-12
5.59 -2.31241084405e-14 4.89152418037e-14 -4.59768562263e-13 2.29590241284e-12
5.6 -2.26349560225e-14 4.96869856629e-14 -4.36809538135e-13 2.18518732531e-12
5.61 -2.21380861659e-14 5.02703230712e-14 -4.14957664882e-13 2.07962623997e-12
5.62 -2.16353829352e-14 5.06813887204e-14 -3.94161402482e-13 1.9789882388e-12
5.63 -2.1128569048e-14 5.09352228585e-14 -3.74371520094e-13 1.88305229513e-12
5.64 -2.06192168194e-14 5.1045837648e-14 -3.55540997143e-13 1.79160687376e-12
5.65 -2.01087584429e-14 5.10262797734e-14 -3.37624928405e-13 1.70444954592e-12
5.66 -1.95984956452e-14 5.08886895004e-14 -3.20580432946e-13 1.62138661871e-12
5.67 -1.90896087502e-14 5.06443563758e-14 -3.04366566759e-13 1.54223277838e-12
5.68 -1.85831651864e-14 5.03037717515e-14 -2.88944238975e-13 1.46681074705e-12
5.69 -1.80801274689e-14 4.98766783026e-14 -2.74276131505e-13 1.39495095251e-12
5.7 -1.75813606859e-14 4.93721167033e-14 -2.6032662198e-13 1.32649121061e-12
5.71 -1.70876395188e-14 4.87984696157e-14 -2.47061709874e-13 1.26127641969e-12
5.72 -1.65996548227e-14 4.81635031362e-14 -2.34448945677e-13 1.19915826691e-12
5.73 -1.61180197913e-14 4.74744058395e-14 -2.22457363008e-13 1.13999494586e-12
5.74 -1.56432757329e-14 4.67378255524e-14 -2.11057413549e-13 1.08365088506e-12
5.75 -1.51758974774e-14 4.59599039797e-14 -2.00220904698e-13 1.02999648717e-12
5.76 -1.47162984376e-14 4.51463093026e-14 -1.89920939827e-13 9.78907878269e-13
5.77 -1.42648353446e-14 4.43022668606e-14 -1.80131861044e-13 9.30266667105e-13
5.78 -1.3821812676e-14 4.34325880225e-14 -1.70829194373e-13 8.83959713724e-13
5.79 -1.33874867957e-14 4.25416973477e-14 -1.61989597236e-13 8.39878907343e-13
5.8 -1.29620698223e-14 4.16336581321e-14 -1.53590808162e-13 7.97920953007e-13
5.81 -1.25457332409e-14 4.07121964294e-14 -1.45611598632e-13 7.57987166773e-13
5.82 -1.21386112766e-14 3.97807236325e-14 -1.38031726965e-13 7.19983279087e-13
5.83 -1.17408040403e-14 3.88423576959e-14 -1.30831894174e-13 6.8381924606e-13
5.84 -1.13523804634e-14 3.78999430761e-14 -1.23993701713e-13 6.49409068358e-13
5.85 -1.09733810326e-14 3.69560694604e-14 -1.1749961103e-13 6.16670617415e-13
5.86 -1.0603820338e-14 3.60130893559e-14 -1.11332904855e-13 5.85525468702e-13
5.87 -1.02436894444e-14 3.50731345995e-14 -1.05477650168e-13 5.5589874179e-13
5.88 -9.89295809844e-15 3.41381318536e-14 -9.99186627504e-14 5.2771894694e-13
5.89 -9.5515767799e-15 3.32098171435e-14 -9.46414732811e-14 5.00917837994e-13
5.9 -9.21947860847e-15 3.22897494917e-14 -8.96322949011e-14 4.75430271307e-13
5.91 -8.89658111355e-15 3.13793237017e-14 -8.4877992188e-14 4.511940705e-13
5.92 -8.58278787654e-15 3.04797823392e-14 -8.0366051483e-14 4.28149896813e-13
5.93 -8.27799005314e-15 2.95922269581e-14 -7.60845525149e-14 4.06241124832e-13
5.94 -7.98206778356e-15 2.87176286149e-14 -7.20221412666e-14 3.85413723396e-13
5.95 -7.69489149741e-15 2.78568377118e-14 -6.81680040326e-14 3.65616141473e-13
5.96 -7.4163231203e-15 2.70105932096e-14 -6.45118426179e-14 3.46799198809e-13
5.97 -7.1462171882e-15 2.61795312463e-14 -6.10438506298e-14 3.2891598118e-13
5.98 -6.88442187574e-15 2.53641931956e-14 -5.7754690818e-14 3.11921740039e-13
5.99 -6.63077994378e-15 2.45650332004e-14 -5.46354734176e-14 2.95773796414e-13
6.0 -6.38512961178e-15 2.37824252106e-14 -5.16777354535e-14 2.80431448864e-13
6.01 -6.14730535967e-15 2.30166695552e-14 -4.88734209648e-14 2.65855885345e-13
6.02 -5.91713866412e-15 2.22679990775e-14 -4.62148621114e-14 2.5201009883e-13
6.03 -5.69445867334e-15 2.15365848577e-14 -4.36947611231e-14 2.38858806527e-13
6.04 -5.47909282477e-15 2.08225415501e-14 -4.13061730578e-14 2.26368372546e-13
6.05 -5.27086740926e-15 2.0125932356e-14 -3.90424893324e-14 2.14506733896e-13
6.06 -5.0696080857e-15 1.94467736556e-14 -3.68974219934e-14 2.03243329652e-13
6.07 -4.87514034915e-15 1.87850393199e-14 -3.48649886969e-14 1.92549033181e-13
6.08 -4.68728995595e-15 1.81406647216e-14 -3.29394983651e-14 1.82396087292e-13
6.09 -4.50588330873e-15 1.75135504636e-14 -3.11155374922e-14 1.72758042199e-13
6.1 -4.3307478041e-15 1.69035658433e-14 -2.93879570702e-14 1.63609696173e-13
6.11 -4.16171214567e-15 1.63105520675e-14 -2.77518601085e-14 1.54927038782e-13
6.12 -3.99860662499e-15 1.5734325236e-14 -2.62025897206e-14 1.46687196597e-13
6.13 -3.84126337263e-15 1.51746791058e-14 -2.47357177547e-14 1.38868381283e-13
6.14 -3.68951658157e-15 1.46313876515e-14 -2.33470339418e-14 1.31449839958e-13
6.15 -3.54320270506e-15 1.4104207434e-14 -2.20325355423e-14 1.24411807731e-13
6.16 -3.40216063072e-15 1.35928797906e-14 -2.07884174649e-14 1.17735462334e-13
6.17 -3.26623183281e-15 1.30971328566e-14 -1.96110628416e-14 1.11402880749e-13
6.18 -3.13526050424e-15 1.26166834306e-14 -1.84970340341e-14 1.0539699776e-13
6.19 -3.00909366994e-15 1.21512386927e-14 -1.74430640565e-14 9.97015663342e-14
6.2 -2.88758128301e-15 1.17004977865e-14 -1.64460483932e-14 9.43011197672e-14
6.21 -2.77057630515e-15 1.12641532719e-14 -1.55030371955e-14 8.91809355091e-14
6.22 -2.65793477243e-15 1.0841892459e-14 -1.46112278404e-14 8.43270006063e-14
6.23 -2.54951584784e-15 1.04333986304e-14 -1.37679578344e-14 7.97259786858e-14
6.24 -2.44518186153e-15 1.00383521593e-14 -1.29706980475e-14 7.53651784189e-14
6.25 -2.34479833994e-15 9.65643153058e-15 -1.22170462633e-14 7.12325233987e-14
6.26 -2.24823402463e-15 9.28731427119e-15 -1.15047210293e-14 6.73165233731e-14
6.27 -2.15536088192e-15 8.93067779679e-15 -1.08315557956e-14 6.36062467731e-14
6.28 -2.06605410395e-15 8.58620017967e-15 -1.01954933279e-14 6.00912944815e-14
6.29 -1.98019210216e-15 8.25356084392e-15 -9.59458038304e-15 5.67617747881e-14
6.3 -1.89765649372e-15 7.93244119279e-15 -9.02696263516e-15 5.36082794799e-14
6.31 -1.81833208179e-15 7.62252517309e-15 -8.49087984036e-15 5.06218610177e-14
6.32 -1.74210683006e-15 7.32349978124e-15 -7.98466123018e-15 4.779401075e-14
6.33 -1.66887183225e-15 7.03505551511e-15 -7.50672112269e-15 4.51166381216e-14
6.34 -1.5985212771e-15 6.75688677563e-15 -7.05555474147e-15 4.2582050831e-14
6.35 -1.53095240934e-15 6.48869222194e-15 -6.62973423316e-15 4.01829358963e-14
6.36 -1.46606548712e-15 6.23017508358e-15 -6.2279048742e-15 3.79123415889e-14
6.37 -1.40376373629e-15 5.98104343287e-15 -5.84878145831e-15 3.57636601982e-14
6.38 -1.34395330196e-15 5.74101042065e-15 -5.49114485633e-15 3.37306115884e-14
6.39 -1.28654319775e-15 5.50979447818e-15 -5.15383874044e-15 3.18072275146e-14
6.4 -1.23144525297e-15 5.28711948789e-15 -4.8357664653e-15 2.99878366628e-14
6.41 -1.17857405809e-15 5.07271492544e-15 -4.53588809867e-15 2.82670503833e-14
6.42 -1.12784690883e-15 4.86631597546e-15 -4.25321759484e-15 2.66397490844e-14
6.43 -1.07918374908e-15 4.66766362313e-15 -3.98682010399e-15 2.51010692598e-14
6.44 -1.03250711285e-15 4.47650472359e-15 -3.73580941139e-15 2.36463911185e-14
6.45 -9.87742065613e-16 4.29259205121e-15 -3.49934550021e-15 2.22713267922e-14
6.46 -9.44816145101e-16 4.11568433023e-15 -3.27663223229e-15 2.09717090938e-14
6.47 -9.03659301798e-16 3.94554624873e-15 -3.06691514135e-15 1.97435808016e-14
6.48 -8.64203839311e-16 3.78194845719e-15 -2.86947933333e-15 1.85831844458e-14
6.49 -8.26384354739e-16 3.62466755322e-15 -2.68364748887e-15 1.74869525755e-14
6.5 -7.90137679207e-16 3.47348605376e-15 -2.50877796312e-15 1.6451498483e-14
6.51 -7.5540281867e-16 3.32819235589e-15 -2.34426297829e-15 1.54736073654e-14
6.52 -7.22120895111e-16 3.18858068758e-15 -2.18952690463e-15 1.45502279043e-14
6.53 -6.90235088235e-16 3.05445104918e-15 -2.04402462559e-15 1.36784642428e-14
6.54 -6.59690577743e-16 2.92560914692e-15 -1.90723998316e-15 1.28555683439e-14
6.55 -6.30434486274e-16 2.80186631913e-15 -1.77868429973e-15 1.20789327104e-14
6.56 -6.02415823083e-16 2.68303945603e-15 -1.65789497262e-15 1.13460834525e-14
6.57 -5.75585428522e-16 2.56895091407e-15 -1.5444341381e-15 1.06546736846e-14
6.58 -5.49895919382e-16 2.45942842524e-15 -1.43788740125e-15 1.00024772376e-14
6.59 -5.25301635129e-16 2.35430500229e-15 -1.33786262887e-15 9.38738267218e-15
6.6 -5.01758585106e-16 2.2534188403e-15 -1.24398880215e-15 8.80738757848e-15
6.61 -4.79224396703e-16 2.15661321523e-15 -1.15591492637e-15 8.2605931493e-15
6.62 -4.57658264551e-16 2.06373637996e-15 -1.07330899488e-15 7.74519901439e-15
6.63 -4.37020900752e-16 1.97464145834e-15 -9.95857004731e-16 7.25949832331e-15
6.64 -4.17274486168e-16 1.88918633755e-15 -9.23262021498e-16 6.80187306555e-15
6.65 -3.98382622793e-16 1.8072335594e-15 -8.55243290843e-16 6.37078961673e-15
6.66 -3.80310287199e-16 1.72865021065e-15 -7.91535394675e-16 5.96479450051e-15
6.67 -3.63023785092e-16 1.65330781301e-15 -7.3188744967e-16 5.58251035588e-15
6.68 -3.46490706962e-16 1.58108221279e-15 -6.76062346111e-16 5.22263210043e-15
6.69 -3.30679884834e-16 1.51185347073e-15 -6.23836025107e-16 4.88392328033e-15
6.7 -3.15561350127e-16 1.44550575216e-15 -5.74996792304e-16 4.56521259817e-15
6.71 -3.01106292605e-16 1.38192721771e-15 -5.29344666322e-16 4.26539061044e-15
6.72 -2.87287020428e-16 1.32100991478e-15 -4.86690760218e-16 3.98340658651e-15
6.73 -2.7407692128e-16 1.26264967e-15 -4.46856694352e-16 3.71826552156e-15
6.74 -2.6145042458e-16 1.20674598274e-15 -4.09674039137e-16 3.46902529616e-15
6.75 -2.49382964753e-16 1.15320191999e-15 -3.74983786175e-16 3.23479397551e-15
6.76 -2.37850945553e-16 1.10192401253e-15 -3.4263584642e-16 3.01472724178e-15
6.77 -2.26831705428e-16 1.05282215264e-15 -3.12488574002e-16 2.80802595309e-15
6.78 -2.16303483901e-16 1.00580949345e-15 -2.84408314472e-16 2.61393382327e-15
6.79 -2.06245388967e-16 9.60802349958e-16 -2.58268976239e-16 2.43173521648e-15
6.8 -1.96637365467e-16 9.17720101799e-16 -2.33951624074e-16 2.26075305123e-15
6.81 -1.87460164449e-16 8.76485097886e-16 -2.11344093562e-16 2.10034680867e-15
6.82 -1.7869531347e-16 8.37022562916e-16 -1.90340625475e-16 1.94991063996e-15
6.83 -1.70325087841e-16 7.9926050581e-16 -1.70841519075e-16 1.8088715681e-15
6.84 -1.62332482783e-16 7.63129630125e-16 -1.52752803394e-16 1.67668777961e-15
6.85 -1.54701186482e-16 7.28563246456e-16 -1.35985925598e-16 1.55284700173e-15
6.86 -1.47415554017e-16 6.95497186855e-16 -1.20457455581e-16 1.43686496099e-15
6.87 -1.40460582149e-16 6.6386972128e-16 -1.06088805971e-16 1.32828391929e-15
6.88 -1.33821884936e-16 6.33621476079e-16 -9.28059667784e-17 1.2266712836e-15
6.89 -1.27485670175e-16 6.04695354515e-16 -8.05392539424e-17 1.13161828582e-15
6.9 -1.2143871663e-16 5.77036459325e-16 -6.92230710842e-17 1.04273872928e-15
6.91 -1.15668352037e-16 5.50592017308e-16 -5.87956837914e-17 9.5966779876e-16
6.92 -1.10162431864e-16 5.25311305931e-16 -4.91990058038e-17 8.820609308e-16
6.93 -1.04909318804e-16 5.01145581941e-16 -4.03783964958e-17 8.09592741405e-16
6.94 -9.98978629849e-17 4.78048011952e-16 -3.22824690818e-17 7.41956008346e-16
6.95 -9.51173828653e-17 4.55973605007e-16 -2.48629089983e-17 6.78860705351e-16
6.96 -9.05576468153e-17 4.34879147066e-16 -1.80743019448e-17 6.20033085638e-16
6.97 -8.62088553446e-17 4.14723137419e-16 -1.18739710884e-17 5.65214812357e-16
6.98 -8.20616239704e-17 3.95465726971e-16 -6.22182296488e-18 5.14162133635e-16
6.99 -7.81069667007e-17 3.77068658391e-16 -1.08020162853e-18 4.66645100006e-16
7.0 -7.43362801168e-17 3.5949520808e-16 3.58624937153e-18 4.22446822128e-16
7.01 -7.0741328036e-17 3.42710129925e-16 7.81071759281e-18 3.81362766801e-16
7.02 -6.73142267368e-17 3.26679600812e-16 1.16243452608e-17 3.43200089356e-16
7.03 -6.40474307286e-17 3.1137116786e-16 1.50563461544e-17 3.07777000627e-16
7.04 -6.093371905e-17 2.96753697338e-16 1.81341161607e-17 2.74922166769e-16
7.05 -5.79661820766e-17 2.82797325224e-16 2.08833378283e-17 2.44474140279e-16
7.06 -5.51382088244e-17 2.69473409387e-16 2.33280792311e-17 2.16280820664e-16
7.07 -5.24434747305e-17 2.56754483333e-16 2.54908874378e-17 1.90198943261e-16
7.08 -4.98759298972e-17 2.44614211487e-16 2.73928768704e-17 1.66093594795e-16
7.09 -4.74297877823e-17 2.33027345979e-16 2.90538128183e-17 1.4383775434e-16
7.1 -4.50995143225e-17 2.21969684886e-16 3.04921903617e-17 1.23311858381e-16
7.11 -4.28798174737e-17 2.11418031897e-16 3.17253089455e-17 1.04403388779e-16
7.12 -4.07656371547e-17 2.01350157368e-16 3.27693428333e-17 8.70064824618e-17
7.13 -3.8752135581e-17 1.91744760719e-16 3.3639407658e-17 7.10215617556e-17
7.14 -3.68346879738e-17 1.82581434144e-16 3.43496232755e-17 5.63549842932e-17
7.15 -3.50088736324e-17 1.73840627601e-16 3.49131731184e-17 4.29187115115e-17
7.16 -3.32704673564e-17 1.65503615031e-16 3.53423602336e-17 3.06299947853e-17
7.17 -3.16154312061e-17 1.57552461791e-16 3.56486601814e-17 1.94110782986e-17
7.18 -3.00399065882e-17 1.49969993243e-16 3.58427709644e-17 9.18891779432e-18
7.19 -2.85402066557e-17 1.42739764484e-16 3.59346601423e-17 -1.05085611357e-19
7.2 -2.71128090109e-17 1.3584603117e-16 3.59336092862e-17 -8.5353373242e-18
7.21 -2.57543486992e-17 1.29273721411e-16 3.5848255913e-17 -1.61622876135e-17
7.22 -2.44616114851e-17 1.23008408689e-16 3.56866330368e-17 -2.3042657099e-17
7.23 -2.32315273982e-17 1.17036285785e-16 3.54562064659e-17 -2.9229650048e-17
7.24 -2.20611645404e-17 1.11344139669e-16 3.51639099654e-17 -3.47731561138e-17
7.25 -2.09477231437e-17 1.05919327327e-16 3.48161784042e-17 -3.9719941117e-17
7.26 -1.98885298704e-17 1.00749752499e-16 3.44189789931e-17 -4.41138274372e-17
7.27 -1.88810323454e-17 9.58238432899e-17 3.39778407187e-17 -4.79958645588e-17
7.28 -1.79227939125e-17 9.11305306314e-17 3.34978820731e-17 -5.14044902845e-17
7.29 -1.70114886062e-17 8.66592275626e-17 3.29838371703e-17 -5.43756831039e-17
7.3 -1.61448963306e-17 8.23998093044e-17 3.24400803392e-17 -5.6943106183e-17
7.31 -1.53208982375e-17 7.83425940992e-17 3.18706492774e-17 -5.91382434127e-17
7.32 -1.45374722966e-17 7.44783247897e-17 3.12792668433e-17 -6.09905279368e-17
7.33 -1.37926890487e-17 7.07981511127e-17 3.06693615639e-17 -6.25274635546e-17
7.34 -1.30847075375e-17 6.72936126818e-17 3.00440869284e-17 -6.37747393754e-17
7.35 -1.24117714107e-17 6.39566226356e-17 2.94063395346e-17 -6.47563380833e-17
7.36 -1.17722051844e-17 6.07794519277e-17 2.87587761538e-17 -6.5494638151e-17
7.37 -1.11644106651e-17 5.77547142364e-17 2.81038297723e-17 -6.60105103248e-17
7.38 -1.05868635227e-17 5.48753514703e-17 2.7443724669e-17 -6.63234086862e-17
7.39 -1.0038110008e-17 5.2134619851e-17 2.67804905821e-17 -6.64514565812e-17
7.4 -9.5167638095e-18 4.95260765497e-17 2.61159760163e-17 -6.64115276906e-17
7.41 -9.02150304401e-18 4.70435668588e-17 2.54518607394e-17 -6.62193225039e-17
7.42 -8.55106737542e-18 4.46812118787e-17 2.47896675144e-17 -6.58894404434e-17
7.43 -8.10425525663e-18 4.24333967007e-17 2.413077311e-17 -6.54354478732e-17
7.44 -7.67992128962e-18 4.02947590679e-17 2.34764186312e-17 -6.48699422164e-17
7.45 -7.27697369894e-18 3.82601784959e-17 2.28277192091e-17 -6.42046123907e-17
7.46 -6.89437191399e-18 3.6324765837e-17 2.21856730852e-17 -6.34502957624e-17
7.47 -6.53112425562e-18 3.448385327e-17 2.15511701275e-17 -6.26170318099e-17
7.48 -6.18628572292e-18 3.27329847003e-17 2.09249998094e-17 -6.17141126748e-17
7.49 -5.85895587591e-18 3.10679065554e-17 2.03078586827e-17 -6.07501307712e-17
7.5 -5.54827681036e-18 2.94845589587e-17 1.9700357375e-17 -5.97330236162e-17
7.51 -5.25343122077e-18 2.79790672691e-17 1.91030271388e-17 -5.86701160324e-17
7.52 -4.97364054808e-18 2.65477339718e-17 1.85163259785e-17 -5.75681598692e-17
7.53 -4.70816320836e-18 2.51870309057e-17 1.79406443798e-17 -5.64333713788e-17
7.54 -4.45629289931e-18 2.38935918162e-17 1.7376310666e-17 -5.5271466378e-17
7.55 -4.21735698114e-18 2.26642052184e-17 1.68235960022e-17 -5.40876933185e-17
7.56 -3.99071492896e-18 2.14958075611e-17 1.6282719069e-17 -5.28868643821e-17
7.57 -3.77575685335e-18 2.03854766778e-17 1.57538504252e-17 -5.16733847117e-17
7.58 -3.57190208657e-18 1.93304255138e-17 1.52371165781e-17 -5.04512798829e-17
7.59 -3.37859783143e-18 1.83279961196e-17 1.47326037793e-17 -4.92242217139e-17
7.6 -3.19531787024e-18 1.73756538986e-17 1.42403615621e-17 -4.7995552509e-17
7.61 -3.02156133125e-18 1.64709820995e-17 1.3760406037e-17 -4.67683078233e-17
7.62 -2.85685151026e-18 1.56116765435e-17 1.32927229588e-17 -4.5545237833e-17
7.63 -2.70073474482e-18 1.4795540578e-17 1.28372705805e-17 -4.43288273902e-17
7.64 -2.55277933904e-18 1.40204802447e-17 1.23939823066e-17 -4.31213148379e-17
7.65 -2.41257453659e-18 1.32844996575e-17 1.19627691582e-17 -4.19247096558e-17
7.66 -2.27972954002e-18 1.25856965781e-17 1.15435220616e-17 -4.07408090038e-17
7.67 -2.15387257424e-18 1.19222581829e-17 1.11361139716e-17 -3.95712132278e-17
7.68 -2.03464999241e-18 1.1292457014e-17 1.07404018393e-17 -3.84173403868e-17
7.69 -1.92172542227e-18 1.06946471047e-17 1.03562284355e-17 -3.72804398584e-17
7.7 -1.81477895122e-18 1.01272602746e-17 9.98342403687e-18 -3.61616050762e-17
7.71 -1.71350634848e-18 9.58880258575e-18 9.62180798611e-18 -3.50617854509e-17
7.72 -1.61761832262e-18 9.07785095338e-18 9.2711901316e-18 -3.39817975207e-17
7.73 -1.52683981308e-18 8.59304990583e-18 8.93137215639e-18 -3.29223353794e-17
7.74 -1.44090931403e-18 8.13310848617e-18 8.6021488026e-18 -3.18839804217e-17
7.75 -1.35957822916e-18 7.69679729035e-18 8.28330899838e-18 -3.08672104493e-17
7.76 -1.28261025626e-18 7.2829456359e-18 7.97463689389e-18 -2.98724081725e-17
7.77 -1.2097807999e-18 6.89043885581e-18 7.67591281216e-18 -2.88998691472e-17
7.78 -1.14087641134e-18 6.51821571225e-18 7.38691412069e-18 -2.79498091773e-17
7.79 -1.07569425422e-18 6.16526592506e-18 7.10741602892e-18 -2.70223712184e-17
7.8 -1.01404159497e-18 5.83062781025e-18 6.83719231673e-18 -2.61176318098e-17
7.81 -9.55735316868e-19 5.51338602367e-18 6.57601599864e-18 -2.52356070657e-17
7.82 -9.00601456631e-19 5.21266940557e-18 6.32365992798e-18 -2.43762582512e-17
7.83 -8.48474762575e-19 4.92764892155e-18 6.07989734547e-18 -2.35394969698e-17
7.84 -7.9919827336e-19 4.65753569594e-18 5.84450237577e-18 -2.27251899844e-17
7.85 -7.526229164e-19 4.40157913355e-18 5.61725047592e-18 -2.19331636971e-17
7.86 -7.08607125065e-19 4.15906512604e-18 5.39791883895e-18 -2.11632083061e-17
7.87 -6.67016473804e-19 3.92931433917e-18 5.18628675589e-18 -2.0415081663e-17
7.88 -6.27723330413e-19 3.71168057757e-18 4.98213593926e-18 -1.96885128461e-17
7.89 -5.90606524637e-19 3.5055492236e-18 4.7852508108e-18 -1.89832054705e-17
7.9 -5.55551032401e-19 3.31033574704e-18 4.5954187561e-18 -1.82988407502e-17
7.91 -5.22447674931e-19 3.12548428261e-18 4.4124303486e-18 -1.76350803274e-17
7.92 -4.91192832105e-19 2.95046627235e-18 4.23607954532e-18 -1.69915688866e-17
7.93 -4.61688169381e-19 2.78477916991e-18 4.06616385645e-18 -1.63679365639e-17
7.94 -4.33840377682e-19 2.62794520423e-18 3.90248449082e-18 -1.57638011679e-17
7.95 -4.0756092564e-19 2.47951019984e-18 3.74484647914e-18 -1.51787702224e-17
7.96 -3.82765823641e-19 2.33904245135e-18 3.59305877691e-18 -1.46124428441e-17
7.97 -3.59375399128e-19 2.20613164973e-18 3.44693434847e-18 -1.40644114651e-17
7.98 -3.3731408263e-19 2.08038785812e-18 3.30629023382e-18 -1.35342634115e-17
7.99 -3.16510204049e-19 1.96144053491e-18 3.17094759971e-18 -1.30215823465e-17
8.0 -2.968957987e-19 1.84893760207e-18 3.04073177624e-18 -1.25259495893e-17
8.01 -2.78406422679e-19 1.74254455664e-18 2.91547228035e-18 -1.20469453159e-17
8.02 -2.60980977113e-19 1.64194362351e-18 2.79500282719e-18 -1.15841496513e-17
8.03 -2.44561540878e-19 1.54683294764e-18 2.67916133068e-18 -1.11371436608e-17
8.04 -2.29093211402e-19 1.45692582387e-18 2.56778989407e-18 -1.07055102463e-17
8.05 -2.14523953163e-19 1.37194996282e-18 2.46073479161e-18 -1.02888349554e-17
8.06 -2.00804453535e-19 1.29164679102e-18 2.35784644205e-18 -9.88670670915e-18
8.07 -1.87887985624e-19 1.21577078389e-18 2.25897937496e-18 -9.49871845404e-18
8.08 -1.75730277786e-19 1.14408883013e-18 2.16399219042e-18 -9.12446774414e-18
8.09 -1.64289389484e-19 1.07637962582e-18 2.07274751298e-18 -8.76355725828e-18
8.1 -1.53525593226e-19 1.01243309728e-18 1.9851119404e-18 -8.41559525708e-18
8.11 -1.43401262253e-19 9.52049851046e-19 1.90095598782e-18 -8.08019598449e-18
8.12 -1.33880763743e-19 8.95040649919e-19 1.82015402798e-18 -7.7569800179e-18
8.13 -1.24930357244e-19 8.41225913808e-19 1.7425842278e-18 -7.44557457093e-18
8.14 -1.16518098106e-19 7.90435244299e-19 1.66812848209e-18 -7.14561375244e-18
8.15 -1.08613745663e-19 7.42506971805e-19 1.59667234457e-18 -6.85673878524e-18
8.16 -1.01188675945e-19 6.97287724305e-19 1.52810495671e-18 -6.57859818789e-18
8.17 -9.42157987015e-20 6.5463201665e-19 1.46231897484e-18 -6.31084792237e-18
8.18 -8.7669478535e-20 6.14401859509e-19 1.39921049561e-18 -6.05315151059e-18
8.19 -8.15254599399e-20 5.76466387039e-19 1.33867898051e-18 -5.80518012231e-18
8.2 -7.57607960695e-20 5.40701502421e-19 1.28062717928e-18 -5.56661263693e-18
8.21 -7.03537810453e-20 5.06989540422e-19 1.22496105291e-18 -5.33713568144e-18
8.22 -6.52838856411e-20 4.75218946211e-19 1.1715896961e-18 -5.1164436466e-18
8.23 -6.0531696179e-20 4.45283969656e-19 1.12042525963e-18 -4.90423868347e-18
8.24 -5.60788564824e-20 4.17084374399e-19 1.0713828728e-18 -4.70023068194e-18
8.25 -5.19080127384e-20 3.90525161e-19 1.02438056598e-18 -4.50413723314e-18
8.26 -4.80027611285e-20 3.6551630351e-19 9.79339193648e-19 -4.31568357725e-18
8.27 -4.43475980934e-20 3.41972498837e-19 9.36182357876e-19 -4.13460253814e-18
8.28 -4.0927873105e-20 3.19812928303e-19 8.94836332494e-19 -3.96063444634e-18
8.29 -3.77297438219e-20 2.98961030824e-19 8.55229988031e-19 -3.79352705149e-18
8.3 -3.47401335137e-20 2.79344287159e-19 8.17294717516e-19 -3.63303542551e-18
8.31 -3.19466906421e-20 2.60894014718e-19 7.80964363261e-19 -3.47892185758e-18
8.32 -2.93377504949e-20 2.43545172421e-19 7.46175144685e-19 -3.33095574191e-18
8.33 -2.69022987707e-20 2.27236175127e-19 7.12865587266e-19 -3.18891345926e-18
8.34 -2.46299370195e-20 2.11908717199e-19 6.80976452673e-19 -3.05257825304e-18
8.35 -2.25108498475e-20 1.97507604748e-19 6.50450670143e-19 -2.92174010082e-18
8.36 -2.05357738e-20 1.83980596164e-19 6.21233269135e-19 -2.79619558197e-18
8.37 -1.86959678384e-20 1.71278250519e-19 5.93271313315e-19 -2.67574774206e-18
8.38 -1.69831853332e-20 1.59353783487e-19 5.66513835894e-19 -2.5602059547e-18
8.39 -1.53896474983e-20 1.481629304e-19 5.40911776347e-19 -2.44938578134e-18
8.4 -1.39080181943e-20 1.3766381612e-19 5.16417918534e-19 -2.34310882955e-18
8.41 -1.25313800331e-20 1.27816831379e-19 4.92986830238e-19 -2.24120261032e-18
8.42 -1.12532117193e-20 1.18584515296e-19 4.70574804135e-19 -2.14350039465e-18
8.43 -1.00673665664e-20 1.09931443751e-19 4.49139800189e-19 -2.04984107007e-18
8.44 -8.96805212884e-21 1.0182412336e-19 4.28641389488e-19 -1.96006899715e-18
8.45 -7.94981089524e-21 9.42308907558e-20 4.09040699517e-19 -1.87403386663e-18
8.46 -7.00750198768e-21 8.71218169307e-20 3.9030036085e-19 -1.79159055721e-18
8.47 -6.13628381838e-21 8.04686163965e-20 3.72384455278e-19 -1.71259899439e-18
8.48 -5.33159765441e-21 7.42445609202e-20 3.55258465334e-19 -1.63692401057e-18
8.49 -4.58915204521e-21 6.84243976185e-20 3.38889225229e-19 -1.56443520667e-18
8.5 -3.90490806902e-21 6.29842711972e-20 3.23244873162e-19 -1.49500681532e-18
8.51 -3.27506535705e-21 5.79016501314e-20 3.08294805009e-19 -1.42851756595e-18
8.52 -2.69604885574e-21 5.31552565967e-20 2.94009629349e-19 -1.36485055182e-18
8.53 -2.16449628977e-21 4.87249999642e-20 2.80361123831e-19 -1.30389309919e-18
8.54 -1.67724629013e-21 4.45919136871e-20 2.67322192839e-19 -1.24553663864e-18
8.55 -1.23132715326e-21 4.07380954108e-20 2.54866826453e-19 -1.18967657878e-18
8.56 -8.2394619915e-22 3.71466501473e-20 2.42970060665e-19 -1.13621218229e-18
8.57 -4.52479697677e-22 3.38016363634e-20 2.31607938842e-19 -1.08504644446e-18
8.58 -1.14463334043e-22 3.0688014839e-20 2.20757474397e-19 -1.03608597424e-18
8.59 1.92416814347e-22 2.77916001565e-20 2.10396614655e-19 -9.89240877823e-19
8.6 4.70332815913e-22 2.5099014693e-20 2.00504205877e-19 -9.44424644899e-19
8.61 7.21322962842e-22 2.25976449888e-20 1.91059959428e-19 -9.0155403746e-19
8.62 9.4729941273e-22 2.02756003759e-20 1.82044419053e-19 -8.60548981282e-19
8.63 1.15005541649e-21 1.81216737516e-20 1.7343892924e-19 -8.21332460064e-19
8.64 1.33127215401e-21 1.61253043918e-20 1.6522560464e-19 -7.83830412202e-19
8.65 1.49252519792e-21 1.42765427008e-20 1.57387300518e-19 -7.47971630229e-19
8.66 1.63529062493e-21 1.25660168005e-20 1.49907584215e-19 -7.13687662885e-19
8.67 1.76095079294e-21 1.09849008679e-20 1.42770707587e-19 -6.80912719814e-19
8.68 1.87079980162e-21 9.52488513044e-21 1.35961580388e-19 -6.49583578873e-19
8.69 1.96604865292e-21 8.17814743803e-21 1.294657446e-19 -6.19639496004e-19
8.7 2.0478301273e-21 6.93732633041e-21 1.2326934964e-19 -5.91022117682e-19
8.71 2.1172033906e-21 5.79549552506e-21 1.17359128463e-19 -5.6367539586e-19
8.72 2.17515834585e-21 4.74613975316e-21 1.11722374504e-19 -5.37545505419e-19
8.73 2.22261974339e-21 3.78313187529e-21 1.0634691945e-19 -5.12580764054e-19
8.74 2.26045106214e-21 2.90071121166e-21 1.01221111809e-19 -4.88731554581e-19
8.75 2.28945817426e-21 2.09346302498e-21 9.63337962636e-20 -4.65950249601e-19
8.76 2.31039280451e-21 1.35629909702e-21 9.16742937676e-20 -4.44191138502e-19
8.77 2.32395579548e-21 6.84439342813e-22 8.72323823826e-20 -4.23410356729e-19
8.78 2.3308001889e-21 7.33944094302e-23 8.29982788153e-20 -4.03565817298e-19
8.79 2.331534133e-21 -4.81050791397e-22 7.89626206423e-20 -3.84617144494e-19
8.8 2.32672362508e-21 -9.82852664871e-22 7.51164491974e-20 -3.66525609714e-19
8.81 2.31689509844e-21 -1.43572367461e-21 7.14511931002e-20 -3.49254069394e-19
8.82 2.30253786169e-21 -1.84314628749e-21 6.79586524063e-20 -3.32766904989e-19
8.83 2.28410639881e-21 -2.20838616305e-21 6.46309833564e-20 -3.17029964941e-19
8.84 2.26202253718e-21 -2.53450462672e-21 6.1460683707e-20 -3.02010508601e-19
8.85 2.23667749092e-21 -2.82437046412e-21 5.8440578621e-20 -2.87677152034e-19
8.86 2.20843378628e-21 -3.08067107175e-21 5.55638071006e-20 -2.7399981569e-19
8.87 2.17762707556e-21 -3.30592299775e-21 5.28238089437e-20 -2.60949673856e-19
8.88 2.14456784558e-21 -3.50248190454e-21 5.02143122052e-20 -2.48499105872e-19
8.89 2.10954302654e-21 -3.67255198382e-21 4.77293211465e-20 -2.36621649044e-19
8.9 2.0728175067e-21 -3.81819485249e-21 4.5363104656e-20 -2.25291953212e-19
8.91 2.03463555817e-21 -3.94133795701e-21 4.31101851239e-20 -2.14485736924e-19
8.92 1.9952221786e-21 -4.04378251198e-21 4.09653277547e-20 -2.04179745181e-19
8.93 1.95478435348e-21 -4.1272109977e-21 3.89235303029e-20 -1.94351708682e-19
8.94 1.91351224351e-21 -4.19319423995e-21 3.6980013216e-20 -1.84980304555e-19
8.95 1.87158030111e-21 -4.24319809433e-21 3.51302101705e-20 -1.76045118503e-19
8.96 1.82914832016e-21 -4.27858975599e-21 3.33697589855e-20 -1.67526608339e-19
8.97 1.7863624226e-21 -4.30064371498e-21 3.16944929021e-20 -1.59406068861e-19
8.98 1.74335598545e-21 -4.31054737593e-21 3.01004322135e-20 -1.51665598016e-19
8.99 1.70025051169e-21 -4.30940636022e-21 2.85837762333e-20 -1.44288064334e-19
9.0 1.65715644809e-21 -4.29824950757e-21 2.714089559e-20 -1.37257075565e-19
9.01 1.61417395302e-21 -4.27803359334e-21 2.57683248343e-20 -1.30556948508e-19
9.02 1.57139361708e-21 -4.24964777671e-21 2.44627553492e-20 -1.24172679961e-19
9.03 1.52889713932e-21 -4.2139177945e-21 2.32210285496e-20 -1.18089918788e-19
9.04 1.48675796137e-21 -4.17160991421e-21 2.20401293617e-20 -1.1229493904e-19
9.05 1.44504186223e-21 -4.12343465959e-21 2.09171799713e-20 -1.0677461411e-19
9.06 1.40380751563e-21 -4.07005032084e-21 1.98494338302e-20 -1.01516391877e-19
9.07 1.36310701242e-21 -4.01206626149e-21 1.88342699115e-20 -9.65082708166e-20
9.08 1.32298634981e-21 -3.95004603292e-21 1.78691872033e-20 -9.17387770312e-20
9.09 1.28348588948e-21 -3.88451030707e-21 1.6951799433e-20 -8.71969421788e-20
9.1 1.24464078641e-21 -3.81593963743e-21 1.60798300112e-20 -8.28722822641e-20
9.11 1.20648139003e-21 -3.74477705774e-21 1.52511071886e-20 -7.87547772625e-20
9.12 1.16903361946e-21 -3.67143052736e-21 1.44635594159e-20 -7.48348515476e-20
9.13 1.13231931418e-21 -3.59627523179e-21 1.37152109005e-20 -7.11033550929e-20
9.14 1.09635656187e-21 -3.51965574649e-21 1.30041773495e-20 -6.7551545421e-20
9.15 1.0611600044e-21 -3.44188807151e-21 1.23286618953e-20 -6.41710702725e-20
9.16 1.02674112369e-21 -3.36326154421e-21 1.16869511926e-20 -6.09539509682e-20
9.17 9.93108508243e-22 -3.28404063689e-21 1.10774116829e-20 -5.78925664404e-20
9.18 9.60268101874e-22 -3.20446664586e-21 1.04984860185e-20 -5.49796379069e-20
9.19 9.28223435416e-22 -3.12475927789e-21 9.94868963945e-21 -5.22082141662e-20
9.2 8.96975842637e-22 -3.04511814012e-21 9.42660749778e-21 -4.95716574884e-20
9.21 8.66524661236e-22 -2.96572413863e-21 8.9308909229e-21 -4.70636300812e-20
9.22 8.3686741985e-22 -2.88674079109e-21 8.46025462209e-21 -4.46780811091e-20
9.23 8.08000011939e-22 -2.80831545821e-21 8.013473811e-21 -4.24092342438e-20
9.24 7.79916857356e-22 -2.73058049878e-21 7.58938146856e-21 -4.02515757278e-20
9.25 7.52611052369e-22 -2.65365435261e-21 7.18686571128e-21 -3.81998429292e-20
9.26 7.26074508843e-22 -2.57764255556e-21 6.80486728199e-21 -3.62490133701e-20
9.27 7.00298083287e-22 -2.50263869057e-21 6.44237714829e-21 -3.43942942114e-20
9.28 6.75271696381e-22 -2.42872527836e-21 6.09843420617e-21 -3.26311121736e-20
9.29 6.50984443598e-22 -2.35597461144e-21 5.77212308444e-21 -3.09551038797e-20
9.3 6.27424697483e-22 -2.28444953462e-21 5.46257204564e-21 -2.93621066016e-20
9.31 6.04580202137e-22 -2.21420417513e-21 5.16895097962e-21 -2.78481493953e-20
9.32 5.82438160386e-22 -2.14528462547e-21 4.89046948567e-21 -2.64094446088e-20
9.33 5.60985314131e-22 -2.07772958169e-21 4.62637503958e-21 -2.50423797492e-20
9.34 5.40208018314e-22 -2.01157093963e-21 4.37595124209e-21 -2.37435096934e-20
9.35 5.20092308918e-22 -1.94683435187e-21 4.13851614516e-21 -2.25095492298e-20
9.36 5.00623965399e-22 -1.88353974752e-21 3.91342065286e-21 -2.13373659171e-20
9.37 4.81788567924e-22 -1.82170181717e-21 3.70004699369e-21 -2.02239732477e-20
9.38 4.63571549752e-22 -1.7613304651e-21 3.49780726121e-21 -1.91665241039e-20
9.39 4.45958245101e-22 -1.70243123072e-21 3.30614202017e-21 -1.81623044945e-20
9.4 4.28933932794e-22 -1.64500568109e-21 3.12451897523e-21 -1.72087275601e-20
9.41 4.12483875983e-22 -1.58905177631e-21 2.95243169963e-21 -1.63033278379e-20
9.42 3.9659335822e-22 -1.53456420945e-21 2.78939842125e-21 -1.54437557733e-20
9.43 3.81247716126e-22 -1.48153472252e-21 2.63496086352e-21 -1.46277724693e-20
9.44 3.66432368901e-22 -1.42995240009e-21 2.48868313882e-21 -1.38532446642e-20
9.45 3.521328449e-22 -1.37980394179e-21 2.35015069218e-21 -1.31181399277e-20
9.46 3.38334805482e-22 -1.33107391517e-21 2.2189692929e-21 -1.24205220662e-20
9.47 3.2502406633e-22 -1.28374499002e-21 2.09476407224e-21 -1.17585467292e-20
9.48 3.1218661643e-22 -1.23779815539e-21 1.97717860495e-21 -1.1130457208e-20
9.49 2.99808634876e-22 -1.19321292042e-21 1.86587403287e-21 -1.05345804194e-20
9.5 2.87876505672e-22 -1.14996749995e-21 1.76052822868e-21 -9.9693230655e-21
9.51 2.76376830672e-22 -1.10803898595e-21 1.66083499802e-21 -9.43316796314e-21
9.52 2.65296440813e-22 -1.06740350563e-21 1.56650331839e-21 -8.92467053575e-21
9.53 2.54622405756e-22 -1.0280363672e-21 1.47725661303e-21 -8.4424554604e-21
9.54 2.44342042084e-22 -9.89912193897e-22 1.39283205843e-21 -7.98521346381e-21
9.55 2.34442920145e-22 -9.53005047271e-22 1.31297992379e-21 -7.55169826085e-21
9.56 2.24912869673e-22 -9.1728854028e-22 1.23746294118e-21 -7.1407236296e-21
9.57 2.1573998427e-22 -8.8273594095e-22 1.16605570489e-21 -6.75116061702e-21
9.58 2.0691262486e-22 -8.49320267204e-22 1.09854409871e-21 -6.38193486983e-21
9.59 1.98419422188e-22 -8.17014373484e-22 1.03472475002e-21 -6.03202408498e-21
9.6 1.90249278454e-22 -7.85791029689e-22 9.74404509167e-22 -5.70045557493e-21
9.61 1.82391368157e-22 -7.55622992995e-22 9.17399953417e-22 -5.38630394244e-21
9.62 1.74835138227e-22 -7.26483073021e-22 8.63536913993e-22 -5.08868886041e-21
9.63 1.67570307497e-22 -6.98344190818e-22 8.12650025389e-22 -4.80677295213e-21
9.64 1.60586865588e-22 -6.71179432126e-22 7.64582295868e-22 -4.53975976756e-21
9.65 1.53875071267e-22 -6.44962095281e-22 7.19184698192e-22 -4.2868918515e-21
9.66 1.47425450314e-22 -6.19665734184e-22 6.76315779677e-22 -4.04744889974e-21
9.67 1.41228792972e-22 -5.95264196668e-22 6.3584129068e-22 -3.82074599914e-21
9.68 1.35276151006e-22 -5.7173165862e-22 5.97633830688e-22 -3.6061319482e-21
9.69 1.2955883442e-22 -5.49042654151e-22 5.61572511206e-22 -3.40298765443e-21
9.7 1.24068407878e-22 -5.27172102133e-22 5.27542634662e-22 -3.2107246052e-21
9.71 1.18796686857e-22 -5.06095329355e-22 4.9543538861e-22 -3.02878340891e-21
9.72 1.13735733563e-22 -4.85788090581e-22 4.65147554521e-22 -2.85663240318e-21
9.73 1.08877852657e-22 -4.6622658573e-22 4.36581230489e-22 -2.69376632732e-21
9.74 1.042155868e-22 -4.47387474417e-22 4.09643567216e-22 -2.53970505612e-21
9.75 9.97417120559e-23 -4.2924788807e-22 3.84246516655e-22 -2.39399239217e-21
9.76 9.54492331752e-23 -4.117854398e-22 3.60306592733e-22 -2.2561949143e-21
9.77 9.13313787772e-23 -3.94978232234e-22 3.3774464359e-22 -2.1259008794e-21
9.78 8.73815964548e-23 -3.78804863464e-22 3.16485634796e-22 -2.00271917544e-21
9.79 8.35935478202e-23 -3.63244431286e-22 2.96458443042e-22 -1.88627832325e-21
9.8 7.99611035073e-23 -3.48276535861e-22 2.77595659809e-22 -1.776225525e-21
9.81 7.64783381487e-23 -3.33881280959e-22 2.59833404559e-22 -1.6722257571e-21
9.82 7.31395253391e-23 -3.20039273901e-22 2.43111146988e-22 -1.57396090575e-21
9.83 6.99391326001e-23 -3.06731624322e-22 2.27371537931e-22 -1.48112894302e-21
9.84 6.68718163569e-23 -2.93939941869e-22 2.125602485e-22 -1.39344314166e-21
9.85 6.39324169382e-23 -2.81646332942e-22 1.98625817084e-22 -1.31063132706e-21
9.86 6.11159536088e-23 -2.69833396569e-22 1.85519503813e-22 -1.23243516438e-21
9.87 5.84176196431e-23 -2.58484219507e-22 1.73195152169e-22 -1.15860947949e-21
9.88 5.5832777448e-23 -2.47582370649e-22 1.61609057374e-22 -1.08892161208e-21
9.89 5.33569537415e-23 -2.37111894826e-22 1.50719841254e-22 -1.02315079944e-21
9.9 5.09858347933e-23 -2.27057306064e-22 1.40488333259e-22 -9.61087589628e-22
9.91 4.87152617326e-23 -2.17403580358e-22 1.30877457363e-22 -9.02533282495e-22
9.92 4.65412259291e-23 -2.08136148046e-22 1.21852124538e-22 -8.47299397466e-22
9.93 4.44598644486e-23 -1.99240885811e-22 1.13379130563e-22 -7.95207166736e-22
9.94 4.24674555905e-23 -1.90704108386e-22 1.05427058896e-22 -7.46087052739e-22
9.95 4.05604145066e-23 -1.82512560002e-22 9.79661883687e-23 -6.9977828878e-22
9.96 3.87352889066e-23 -1.7465340561e-22 9.09684054809e-23 -6.56128441735e-22
9.97 3.69887548505e-23 -1.67114221948e-22 8.44071210635e-23 -6.14992995816e-22
9.98 3.5317612631e-23 -1.59882988454e-22 7.82571911053e-23 -5.76234956404e-22
9.99 3.37187827465e-23 -1.5294807809e-22 7.24948415413e-23 -5.39724473029e-22
