   0.0000000e+00   1.0000000e+00   1.0000000e+00
   1.0000000e-02   1.0000000e+00   9.8000000e-01
   2.0000000e-02   1.0000000e+00   9.6020000e-01
   3.0000000e-02   9.9987500e-01   9.4047300e-01
   4.0000000e-02   9.9962375e-01   9.2081827e-01
   5.0000000e-02   9.9924746e-01   9.0123756e-01
   6.0000000e-02   9.9874740e-01   8.8173265e-01
   7.0000000e-02   9.9812484e-01   8.6230529e-01
   8.0000000e-02   9.9738105e-01   8.4295719e-01
   9.0000000e-02   9.9651730e-01   8.2369006e-01
   1.0000000e-01   9.9553487e-01   8.0450557e-01
   1.1000000e-01   9.9443506e-01   7.8540534e-01
   1.2000000e-01   9.9321913e-01   7.6639101e-01
   1.3000000e-01   9.9188837e-01   7.4746415e-01
   1.4000000e-01   9.9044408e-01   7.2862634e-01
   1.5000000e-01   9.8888754e-01   7.0987910e-01
   1.6000000e-01   9.8722005e-01   6.9122394e-01
   1.7000000e-01   9.8544290e-01   6.7266235e-01
   1.8000000e-01   9.8355738e-01   6.5419577e-01
   1.9000000e-01   9.8156479e-01   6.3582565e-01
   2.0000000e-01   9.7946643e-01   6.1755339e-01
   2.1000000e-01   9.7726359e-01   5.9938035e-01
   2.2000000e-01   9.7495758e-01   5.8130790e-01
   2.3000000e-01   9.7254969e-01   5.6333735e-01
   2.4000000e-01   9.7004122e-01   5.4547002e-01
   2.5000000e-01   9.6743347e-01   5.2770716e-01
   2.6000000e-01   9.6472775e-01   5.1005003e-01
   2.7000000e-01   9.6192535e-01   4.9249984e-01
   2.8000000e-01   9.5902756e-01   4.7505781e-01
   2.9000000e-01   9.5603570e-01   4.5772509e-01
   3.0000000e-01   9.5295105e-01   4.4050283e-01
   3.1000000e-01   9.4977491e-01   4.2339216e-01
   3.2000000e-01   9.4650859e-01   4.0639417e-01
   3.3000000e-01   9.4315337e-01   3.8950992e-01
   3.4000000e-01   9.3971055e-01   3.7274047e-01
   3.5000000e-01   9.3618142e-01   3.5608683e-01
   3.6000000e-01   9.3256728e-01   3.3955000e-01
   3.7000000e-01   9.2886940e-01   3.2313095e-01
   3.8000000e-01   9.2508909e-01   3.0683063e-01
   3.9000000e-01   9.2122762e-01   2.9064997e-01
   4.0000000e-01   9.1728627e-01   2.7458985e-01
   4.1000000e-01   9.1326633e-01   2.5865115e-01
   4.2000000e-01   9.0916908e-01   2.4283472e-01
   4.3000000e-01   9.0499579e-01   2.2714139e-01
   4.4000000e-01   9.0074774e-01   2.1157197e-01
   4.5000000e-01   8.9642619e-01   1.9612722e-01
   4.6000000e-01   8.9203241e-01   1.8080790e-01
   4.7000000e-01   8.8756766e-01   1.6561476e-01
   4.8000000e-01   8.8303322e-01   1.5054848e-01
   4.9000000e-01   8.7843032e-01   1.3560977e-01
   5.0000000e-01   8.7376023e-01   1.2079928e-01
   5.1000000e-01   8.6902420e-01   1.0611766e-01
   5.2000000e-01   8.6422348e-01   9.1565513e-02
   5.3000000e-01   8.5935930e-01   7.7143443e-02
   5.4000000e-01   8.5443290e-01   6.2852020e-02
   5.5000000e-01   8.4944552e-01   4.8691793e-02
   5.6000000e-01   8.4439839e-01   3.4663292e-02
   5.7000000e-01   8.3929274e-01   2.0767022e-02
   5.8000000e-01   8.3412978e-01   7.0034670e-03
   5.9000000e-01   8.2891074e-01  -6.6269105e-03
   6.0000000e-01   8.2363682e-01  -2.0123669e-02
   6.1000000e-01   8.1830923e-01  -3.3486389e-02
   6.2000000e-01   8.1292918e-01  -4.6714673e-02
   6.3000000e-01   8.0749785e-01  -5.9808141e-02
   6.4000000e-01   8.0201645e-01  -7.2766439e-02
   6.5000000e-01   7.9648616e-01  -8.5589230e-02
   6.6000000e-01   7.9090816e-01  -9.8276198e-02
   6.7000000e-01   7.8528363e-01  -1.1082705e-01
   6.8000000e-01   7.7961374e-01  -1.2324151e-01
   6.9000000e-01   7.7389965e-01  -1.3551932e-01
   7.0000000e-01   7.6814252e-01  -1.4766025e-01
   7.1000000e-01   7.6234351e-01  -1.5966408e-01
   7.2000000e-01   7.5650376e-01  -1.7153063e-01
   7.3000000e-01   7.5062442e-01  -1.8325970e-01
   7.4000000e-01   7.4470662e-01  -1.9485115e-01
   7.5000000e-01   7.3875149e-01  -2.0630483e-01
   7.6000000e-01   7.3276015e-01  -2.1762064e-01
   7.7000000e-01   7.2673372e-01  -2.2879846e-01
   7.8000000e-01   7.2067331e-01  -2.3983822e-01
   7.9000000e-01   7.1458003e-01  -2.5073986e-01
   8.0000000e-01   7.0845496e-01  -2.6150332e-01
   8.1000000e-01   7.0229921e-01  -2.7212859e-01
   8.2000000e-01   6.9611386e-01  -2.8261565e-01
   8.3000000e-01   6.8989998e-01  -2.9296451e-01
   8.4000000e-01   6.8365864e-01  -3.0317521e-01
   8.5000000e-01   6.7739091e-01  -3.1324777e-01
   8.6000000e-01   6.7109784e-01  -3.2318227e-01
   8.7000000e-01   6.6478049e-01  -3.3297878e-01
   8.8000000e-01   6.5843989e-01  -3.4263739e-01
   8.9000000e-01   6.5207709e-01  -3.5215822e-01
   9.0000000e-01   6.4569310e-01  -3.6154140e-01
   9.1000000e-01   6.3928895e-01  -3.7078707e-01
   9.2000000e-01   6.3286565e-01  -3.7989539e-01
   9.3000000e-01   6.2642421e-01  -3.8886653e-01
   9.4000000e-01   6.1996562e-01  -3.9770069e-01
   9.5000000e-01   6.1349088e-01  -4.0639808e-01
   9.6000000e-01   6.0700097e-01  -4.1495892e-01
   9.7000000e-01   6.0049687e-01  -4.2338344e-01
   9.8000000e-01   5.9397954e-01  -4.3167191e-01
   9.9000000e-01   5.8744994e-01  -4.3982458e-01
   1.0000000e+00   5.8090903e-01  -4.4784175e-01
   1.0100000e+00   5.7435774e-01  -4.5572371e-01
   1.0200000e+00   5.6779702e-01  -4.6347077e-01
   1.0300000e+00   5.6122780e-01  -4.7108325e-01
   1.0400000e+00   5.5465099e-01  -4.7856150e-01
   1.0500000e+00   5.4806751e-01  -4.8590588e-01
   1.0600000e+00   5.4147826e-01  -4.9311674e-01
   1.0700000e+00   5.3488415e-01  -5.0019448e-01
   1.0800000e+00   5.2828604e-01  -5.0713948e-01
   1.0900000e+00   5.2168484e-01  -5.1395214e-01
   1.1000000e+00   5.1508141e-01  -5.2063291e-01
   1.1100000e+00   5.0847661e-01  -5.2718219e-01
   1.1200000e+00   5.0187130e-01  -5.3360044e-01
   1.1300000e+00   4.9526632e-01  -5.3988813e-01
   1.1400000e+00   4.8866253e-01  -5.4604571e-01
   1.1500000e+00   4.8206073e-01  -5.5207367e-01
   1.1600000e+00   4.7546177e-01  -5.5797250e-01
   1.1700000e+00   4.6886645e-01  -5.6374271e-01
   1.1800000e+00   4.6227558e-01  -5.6938482e-01
   1.1900000e+00   4.5568996e-01  -5.7489935e-01
   1.2000000e+00   4.4911037e-01  -5.8028685e-01
   1.2100000e+00   4.4253759e-01  -5.8554786e-01
   1.2200000e+00   4.3597240e-01  -5.9068294e-01
   1.2300000e+00   4.2941557e-01  -5.9569268e-01
   1.2400000e+00   4.2286783e-01  -6.0057764e-01
   1.2500000e+00   4.1632995e-01  -6.0533842e-01
   1.2600000e+00   4.0980266e-01  -6.0997563e-01
   1.2700000e+00   4.0328669e-01  -6.1448987e-01
   1.2800000e+00   3.9678275e-01  -6.1888177e-01
   1.2900000e+00   3.9029157e-01  -6.2315197e-01
   1.3000000e+00   3.8381385e-01  -6.2730109e-01
   1.3100000e+00   3.7735027e-01  -6.3132979e-01
   1.3200000e+00   3.7090153e-01  -6.3523874e-01
   1.3300000e+00   3.6446830e-01  -6.3902859e-01
   1.3400000e+00   3.5805126e-01  -6.4270003e-01
   1.3500000e+00   3.5165107e-01  -6.4625374e-01
   1.3600000e+00   3.4526837e-01  -6.4969041e-01
   1.3700000e+00   3.3890381e-01  -6.5301075e-01
   1.3800000e+00   3.3255802e-01  -6.5621546e-01
   1.3900000e+00   3.2623164e-01  -6.5930527e-01
   1.4000000e+00   3.1992528e-01  -6.6228090e-01
   1.4100000e+00   3.1363955e-01  -6.6514307e-01
   1.4200000e+00   3.0737504e-01  -6.6789254e-01
   1.4300000e+00   3.0113236e-01  -6.7053005e-01
   1.4400000e+00   2.9491209e-01  -6.7305635e-01
   1.4500000e+00   2.8871479e-01  -6.7547220e-01
   1.4600000e+00   2.8254104e-01  -6.7777837e-01
   1.4700000e+00   2.7639140e-01  -6.7997564e-01
   1.4800000e+00   2.7026641e-01  -6.8206479e-01
   1.4900000e+00   2.6416662e-01  -6.8404660e-01
   1.5000000e+00   2.5809255e-01  -6.8592187e-01
   1.5100000e+00   2.5204474e-01  -6.8769139e-01
   1.5200000e+00   2.4602369e-01  -6.8935597e-01
   1.5300000e+00   2.4002992e-01  -6.9091642e-01
   1.5400000e+00   2.3406392e-01  -6.9237355e-01
   1.5500000e+00   2.2812618e-01  -6.9372819e-01
   1.5600000e+00   2.2221720e-01  -6.9498116e-01
   1.5700000e+00   2.1633743e-01  -6.9613329e-01
   1.5800000e+00   2.1048734e-01  -6.9718541e-01
   1.5900000e+00   2.0466740e-01  -6.9813838e-01
   1.6000000e+00   1.9887804e-01  -6.9899302e-01
   1.6100000e+00   1.9311972e-01  -6.9975019e-01
   1.6200000e+00   1.8739286e-01  -7.0041075e-01
   1.6300000e+00   1.8169789e-01  -7.0097554e-01
   1.6400000e+00   1.7603521e-01  -7.0144544e-01
   1.6500000e+00   1.7040525e-01  -7.0182130e-01
   1.6600000e+00   1.6480840e-01  -7.0210399e-01
   1.6700000e+00   1.5924505e-01  -7.0229439e-01
   1.6800000e+00   1.5371558e-01  -7.0239337e-01
   1.6900000e+00   1.4822037e-01  -7.0240180e-01
   1.7000000e+00   1.4275978e-01  -7.0232057e-01
   1.7100000e+00   1.3733418e-01  -7.0215056e-01
   1.7200000e+00   1.3194392e-01  -7.0189266e-01
   1.7300000e+00   1.2658933e-01  -7.0154776e-01
   1.7400000e+00   1.2127076e-01  -7.0111675e-01
   1.7500000e+00   1.1598853e-01  -7.0060051e-01
   1.7600000e+00   1.1074297e-01  -6.9999996e-01
   1.7700000e+00   1.0553437e-01  -6.9931598e-01
   1.7800000e+00   1.0036306e-01  -6.9854948e-01
   1.7900000e+00   9.5229317e-02  -6.9770136e-01
   1.8000000e+00   9.0133438e-02  -6.9677252e-01
   1.8100000e+00   8.5075704e-02  -6.9576386e-01
   1.8200000e+00   8.0056387e-02  -6.9467630e-01
   1.8300000e+00   7.5075754e-02  -6.9351073e-01
   1.8400000e+00   7.0134062e-02  -6.9226807e-01
   1.8500000e+00   6.5231562e-02  -6.9094923e-01
   1.8600000e+00   6.0368499e-02  -6.8955512e-01
   1.8700000e+00   5.5545108e-02  -6.8808664e-01
   1.8800000e+00   5.0761617e-02  -6.8654472e-01
   1.8900000e+00   4.6018249e-02  -6.8493026e-01
   1.9000000e+00   4.1315217e-02  -6.8324417e-01
   1.9100000e+00   3.6652728e-02  -6.8148737e-01
   1.9200000e+00   3.2030982e-02  -6.7966077e-01
   1.9300000e+00   2.7450172e-02  -6.7776528e-01
   1.9400000e+00   2.2910482e-02  -6.7580182e-01
   1.9500000e+00   1.8412092e-02  -6.7377130e-01
   1.9600000e+00   1.3955172e-02  -6.7167462e-01
   1.9700000e+00   9.5398875e-03  -6.6951271e-01
   1.9800000e+00   5.1663956e-03  -6.6728648e-01
   1.9900000e+00   8.3484701e-04  -6.6499682e-01
   2.0000000e+00  -3.4546144e-03  -6.6264467e-01
   2.0100000e+00  -7.7018516e-03  -6.6023091e-01
   2.0200000e+00  -1.1906734e-02  -6.5775647e-01
   2.0300000e+00  -1.6069138e-02  -6.5522224e-01
   2.0400000e+00  -2.0188947e-02  -6.5262913e-01
   2.0500000e+00  -2.4266050e-02  -6.4997805e-01
   2.0600000e+00  -2.8300344e-02  -6.4726991e-01
   2.0700000e+00  -3.2291729e-02  -6.4450559e-01
   2.0800000e+00  -3.6240117e-02  -6.4168600e-01
   2.0900000e+00  -4.0145421e-02  -6.3881205e-01
   2.1000000e+00  -4.4007564e-02  -6.3588462e-01
   2.1100000e+00  -4.7826474e-02  -6.3290460e-01
   2.1200000e+00  -5.1602083e-02  -6.2987290e-01
   2.1300000e+00  -5.5334334e-02  -6.2679040e-01
   2.1400000e+00  -5.9023171e-02  -6.2365799e-01
   2.1500000e+00  -6.2668549e-02  -6.2047656e-01
   2.1600000e+00  -6.6270424e-02  -6.1724698e-01
   2.1700000e+00  -6.9828761e-02  -6.1397015e-01
   2.1800000e+00  -7.3343532e-02  -6.1064693e-01
   2.1900000e+00  -7.6814711e-02  -6.0727820e-01
   2.2000000e+00  -8.0242280e-02  -6.0386484e-01
   2.2100000e+00  -8.3626229e-02  -6.0040772e-01
   2.2200000e+00  -8.6966549e-02  -5.9690770e-01
   2.2300000e+00  -9.0263239e-02  -5.9336565e-01
   2.2400000e+00  -9.3516305e-02  -5.8978243e-01
   2.2500000e+00  -9.6725757e-02  -5.8615889e-01
   2.2600000e+00  -9.9891609e-02  -5.8249590e-01
   2.2700000e+00  -1.0301388e-01  -5.7879429e-01
   2.2800000e+00  -1.0609261e-01  -5.7505494e-01
   2.2900000e+00  -1.0912781e-01  -5.7127866e-01
   2.3000000e+00  -1.1211953e-01  -5.6746632e-01
   2.3100000e+00  -1.1506780e-01  -5.6361873e-01
   2.3200000e+00  -1.1797269e-01  -5.5973675e-01
   2.3300000e+00  -1.2083423e-01  -5.5582120e-01
   2.3400000e+00  -1.2365248e-01  -5.5187290e-01
   2.3500000e+00  -1.2642752e-01  -5.4789268e-01
   2.3600000e+00  -1.2915940e-01  -5.4388136e-01
   2.3700000e+00  -1.3184819e-01  -5.3983974e-01
   2.3800000e+00  -1.3449398e-01  -5.3576865e-01
   2.3900000e+00  -1.3709684e-01  -5.3166889e-01
   2.4000000e+00  -1.3965687e-01  -5.2754126e-01
   2.4100000e+00  -1.4217414e-01  -5.2338655e-01
   2.4200000e+00  -1.4464876e-01  -5.1920557e-01
   2.4300000e+00  -1.4708083e-01  -5.1499909e-01
   2.4400000e+00  -1.4947046e-01  -5.1076792e-01
   2.4500000e+00  -1.5181774e-01  -5.0651281e-01
   2.4600000e+00  -1.5412279e-01  -5.0223456e-01
   2.4700000e+00  -1.5638574e-01  -4.9793393e-01
   2.4800000e+00  -1.5860669e-01  -4.9361170e-01
   2.4900000e+00  -1.6078579e-01  -4.8926861e-01
   2.5000000e+00  -1.6292315e-01  -4.8490543e-01
   2.5100000e+00  -1.6501892e-01  -4.8052291e-01
   2.5200000e+00  -1.6707322e-01  -4.7612179e-01
   2.5300000e+00  -1.6908621e-01  -4.7170283e-01
   2.5400000e+00  -1.7105802e-01  -4.6726675e-01
   2.5500000e+00  -1.7298881e-01  -4.6281429e-01
   2.5600000e+00  -1.7487873e-01  -4.5834618e-01
   2.5700000e+00  -1.7672794e-01  -4.5386314e-01
   2.5800000e+00  -1.7853660e-01  -4.4936589e-01
   2.5900000e+00  -1.8030486e-01  -4.4485513e-01
   2.6000000e+00  -1.8203291e-01  -4.4033158e-01
   2.6100000e+00  -1.8372091e-01  -4.3579593e-01
   2.6200000e+00  -1.8536904e-01  -4.3124889e-01
   2.6300000e+00  -1.8697747e-01  -4.2669114e-01
   2.6400000e+00  -1.8854639e-01  -4.2212337e-01
   2.6500000e+00  -1.9007598e-01  -4.1754627e-01
   2.6600000e+00  -1.9156642e-01  -4.1296049e-01
   2.6700000e+00  -1.9301792e-01  -4.0836672e-01
   2.6800000e+00  -1.9443067e-01  -4.0376562e-01
   2.6900000e+00  -1.9580485e-01  -3.9915784e-01
   2.7000000e+00  -1.9714068e-01  -3.9454404e-01
   2.7100000e+00  -1.9843835e-01  -3.8992486e-01
   2.7200000e+00  -1.9969808e-01  -3.8530096e-01
   2.7300000e+00  -2.0092006e-01  -3.8067295e-01
   2.7400000e+00  -2.0210452e-01  -3.7604148e-01
   2.7500000e+00  -2.0325166e-01  -3.7140716e-01
   2.7600000e+00  -2.0436171e-01  -3.6677062e-01
   2.7700000e+00  -2.0543488e-01  -3.6213247e-01
   2.7800000e+00  -2.0647140e-01  -3.5749332e-01
   2.7900000e+00  -2.0747149e-01  -3.5285376e-01
   2.8000000e+00  -2.0843538e-01  -3.4821440e-01
   2.8100000e+00  -2.0936330e-01  -3.4357582e-01
   2.8200000e+00  -2.1025548e-01  -3.3893860e-01
   2.8300000e+00  -2.1111215e-01  -3.3430333e-01
   2.8400000e+00  -2.1193355e-01  -3.2967058e-01
   2.8500000e+00  -2.1271992e-01  -3.2504091e-01
   2.8600000e+00  -2.1347151e-01  -3.2041489e-01
   2.8700000e+00  -2.1418855e-01  -3.1579306e-01
   2.8800000e+00  -2.1487128e-01  -3.1117598e-01
   2.8900000e+00  -2.1551997e-01  -3.0656420e-01
   2.9000000e+00  -2.1613484e-01  -3.0195823e-01
   2.9100000e+00  -2.1671617e-01  -2.9735862e-01
   2.9200000e+00  -2.1726419e-01  -2.9276590e-01
   2.9300000e+00  -2.1777917e-01  -2.8818057e-01
   2.9400000e+00  -2.1826135e-01  -2.8360316e-01
   2.9500000e+00  -2.1871100e-01  -2.7903417e-01
   2.9600000e+00  -2.1912838e-01  -2.7447410e-01
   2.9700000e+00  -2.1951375e-01  -2.6992344e-01
   2.9800000e+00  -2.1986737e-01  -2.6538269e-01
   2.9900000e+00  -2.2018950e-01  -2.6085232e-01
   3.0000000e+00  -2.2048042e-01  -2.5633281e-01
   3.0100000e+00  -2.2074038e-01  -2.5182464e-01
   3.0200000e+00  -2.2096965e-01  -2.4732827e-01
   3.0300000e+00  -2.2116852e-01  -2.4284415e-01
   3.0400000e+00  -2.2133723e-01  -2.3837274e-01
   3.0500000e+00  -2.2147608e-01  -2.3391449e-01
   3.0600000e+00  -2.2158533e-01  -2.2946983e-01
   3.0700000e+00  -2.2166525e-01  -2.2503921e-01
   3.0800000e+00  -2.2171613e-01  -2.2062304e-01
   3.0900000e+00  -2.2173824e-01  -2.1622175e-01
   3.1000000e+00  -2.2173185e-01  -2.1183576e-01
   3.1100000e+00  -2.2169724e-01  -2.0746548e-01
   3.1200000e+00  -2.2163470e-01  -2.0311131e-01
   3.1300000e+00  -2.2154450e-01  -1.9877365e-01
   3.1400000e+00  -2.2142692e-01  -1.9445289e-01
   3.1500000e+00  -2.2128225e-01  -1.9014943e-01
   3.1600000e+00  -2.2111077e-01  -1.8586363e-01
   3.1700000e+00  -2.2091276e-01  -1.8159588e-01
   3.1800000e+00  -2.2068851e-01  -1.7734653e-01
   3.1900000e+00  -2.2043829e-01  -1.7311597e-01
   3.2000000e+00  -2.2016240e-01  -1.6890453e-01
   3.2100000e+00  -2.1986112e-01  -1.6471258e-01
   3.2200000e+00  -2.1953473e-01  -1.6054046e-01
   3.2300000e+00  -2.1918353e-01  -1.5638850e-01
   3.2400000e+00  -2.1880779e-01  -1.5225704e-01
   3.2500000e+00  -2.1840780e-01  -1.4814641e-01
   3.2600000e+00  -2.1798386e-01  -1.4405693e-01
   3.2700000e+00  -2.1753625e-01  -1.3998891e-01
   3.2800000e+00  -2.1706525e-01  -1.3594266e-01
   3.2900000e+00  -2.1657116e-01  -1.3191849e-01
   3.3000000e+00  -2.1605426e-01  -1.2791669e-01
   3.3100000e+00  -2.1551485e-01  -1.2393757e-01
   3.3200000e+00  -2.1495320e-01  -1.1998139e-01
   3.3300000e+00  -2.1436961e-01  -1.1604846e-01
   3.3400000e+00  -2.1376436e-01  -1.1213903e-01
   3.3500000e+00  -2.1313775e-01  -1.0825339e-01
   3.3600000e+00  -2.1249006e-01  -1.0439178e-01
   3.3700000e+00  -2.1182158e-01  -1.0055448e-01
   3.3800000e+00  -2.1113260e-01  -9.6741739e-02
   3.3900000e+00  -2.1042340e-01  -9.2953797e-02
   3.4000000e+00  -2.0969427e-01  -8.9190898e-02
   3.4100000e+00  -2.0894550e-01  -8.5453279e-02
   3.4200000e+00  -2.0817738e-01  -8.1741170e-02
   3.4300000e+00  -2.0739019e-01  -7.8054795e-02
   3.4400000e+00  -2.0658422e-01  -7.4394375e-02
   3.4500000e+00  -2.0575976e-01  -7.0760124e-02
   3.4600000e+00  -2.0491708e-01  -6.7152249e-02
   3.4700000e+00  -2.0405648e-01  -6.3570955e-02
   3.4800000e+00  -2.0317824e-01  -6.0016438e-02
   3.4900000e+00  -2.0228264e-01  -5.6488892e-02
   3.5000000e+00  -2.0136996e-01  -5.2988503e-02
   3.5100000e+00  -2.0044050e-01  -4.9515454e-02
   3.5200000e+00  -1.9949453e-01  -4.6069921e-02
   3.5300000e+00  -1.9853233e-01  -4.2652076e-02
   3.5400000e+00  -1.9755418e-01  -3.9262084e-02
   3.5500000e+00  -1.9656036e-01  -3.5900107e-02
   3.5600000e+00  -1.9555116e-01  -3.2566300e-02
   3.5700000e+00  -1.9452685e-01  -2.9260815e-02
   3.5800000e+00  -1.9348771e-01  -2.5983797e-02
   3.5900000e+00  -1.9243401e-01  -2.2735386e-02
   3.6000000e+00  -1.9136604e-01  -1.9515719e-02
   3.6100000e+00  -1.9028406e-01  -1.6324926e-02
   3.6200000e+00  -1.8918836e-01  -1.3163132e-02
   3.6300000e+00  -1.8807920e-01  -1.0030458e-02
   3.6400000e+00  -1.8695686e-01  -6.9270206e-03
   3.6500000e+00  -1.8582161e-01  -3.8529303e-03
   3.6600000e+00  -1.8467372e-01  -8.0829339e-04
   3.6700000e+00  -1.8351346e-01   2.2067888e-03
   3.6800000e+00  -1.8234109e-01   5.1922196e-03
   3.6900000e+00  -1.8115689e-01   8.1479071e-03
   3.7000000e+00  -1.7996113e-01   1.1073764e-02
   3.7100000e+00  -1.7875405e-01   1.3969708e-02
   3.7200000e+00  -1.7753595e-01   1.6835661e-02
   3.7300000e+00  -1.7630706e-01   1.9671550e-02
   3.7400000e+00  -1.7506766e-01   2.2477305e-02
   3.7500000e+00  -1.7381801e-01   2.5252863e-02
   3.7600000e+00  -1.7255836e-01   2.7998163e-02
   3.7700000e+00  -1.7128897e-01   3.0713151e-02
   3.7800000e+00  -1.7001010e-01   3.3397775e-02
   3.7900000e+00  -1.6872201e-01   3.6051989e-02
   3.8000000e+00  -1.6742495e-01   3.8675750e-02
   3.8100000e+00  -1.6611917e-01   4.1269021e-02
   3.8200000e+00  -1.6480493e-01   4.3831768e-02
   3.8300000e+00  -1.6348247e-01   4.6363960e-02
   3.8400000e+00  -1.6215204e-01   4.8865574e-02
   3.8500000e+00  -1.6081389e-01   5.1336588e-02
   3.8600000e+00  -1.5946827e-01   5.3776984e-02
   3.8700000e+00  -1.5811541e-01   5.6186749e-02
   3.8800000e+00  -1.5675557e-01   5.8565876e-02
   3.8900000e+00  -1.5538899e-01   6.0914358e-02
   3.9000000e+00  -1.5401590e-01   6.3232195e-02
   3.9100000e+00  -1.5263654e-01   6.5519390e-02
   3.9200000e+00  -1.5125115e-01   6.7775949e-02
   3.9300000e+00  -1.4985997e-01   7.0001884e-02
   3.9400000e+00  -1.4846323e-01   7.2197208e-02
   3.9500000e+00  -1.4706116e-01   7.4361939e-02
   3.9600000e+00  -1.4565399e-01   7.6496101e-02
   3.9700000e+00  -1.4424195e-01   7.8599717e-02
   3.9800000e+00  -1.4282527e-01   8.0672818e-02
   3.9900000e+00  -1.4140418e-01   8.2715437e-02
   4.0000000e+00  -1.3997889e-01   8.4727609e-02
   4.0100000e+00  -1.3854964e-01   8.6709375e-02
   4.0200000e+00  -1.3711664e-01   8.8660779e-02
   4.0300000e+00  -1.3568011e-01   9.0581866e-02
   4.0400000e+00  -1.3424027e-01   9.2472688e-02
   4.0500000e+00  -1.3279734e-01   9.4333298e-02
   4.0600000e+00  -1.3135152e-01   9.6163753e-02
   4.0700000e+00  -1.2990304e-01   9.7964113e-02
   4.0800000e+00  -1.2845210e-01   9.9734443e-02
   4.0900000e+00  -1.2699891e-01   1.0147481e-01
   4.1000000e+00  -1.2554368e-01   1.0318528e-01
   4.1100000e+00  -1.2408661e-01   1.0486593e-01
   4.1200000e+00  -1.2262792e-01   1.0651683e-01
   4.1300000e+00  -1.2116779e-01   1.0813807e-01
   4.1400000e+00  -1.1970643e-01   1.0972972e-01
   4.1500000e+00  -1.1824404e-01   1.1129188e-01
   4.1600000e+00  -1.1678082e-01   1.1282463e-01
   4.1700000e+00  -1.1531696e-01   1.1432805e-01
   4.1800000e+00  -1.1385264e-01   1.1580225e-01
   4.1900000e+00  -1.1238808e-01   1.1724732e-01
   4.2000000e+00  -1.1092344e-01   1.1866337e-01
   4.2100000e+00  -1.0945893e-01   1.2005048e-01
   4.2200000e+00  -1.0799472e-01   1.2140877e-01
   4.2300000e+00  -1.0653100e-01   1.2273835e-01
   4.2400000e+00  -1.0506796e-01   1.2403932e-01
   4.2500000e+00  -1.0360576e-01   1.2531180e-01
   4.2600000e+00  -1.0214460e-01   1.2655591e-01
   4.2700000e+00  -1.0068464e-01   1.2777175e-01
   4.2800000e+00  -9.9226062e-02   1.2895946e-01
   4.2900000e+00  -9.7769038e-02   1.3011915e-01
   4.3000000e+00  -9.6313738e-02   1.3125095e-01
   4.3100000e+00  -9.4860331e-02   1.3235498e-01
   4.3200000e+00  -9.3408984e-02   1.3343138e-01
   4.3300000e+00  -9.1959861e-02   1.3448028e-01
   4.3400000e+00  -9.0513126e-02   1.3550181e-01
   4.3500000e+00  -8.9068941e-02   1.3649611e-01
   4.3600000e+00  -8.7627464e-02   1.3746332e-01
   4.3700000e+00  -8.6188853e-02   1.3840357e-01
   4.3800000e+00  -8.4753263e-02   1.3931701e-01
   4.3900000e+00  -8.3320849e-02   1.4020379e-01
   4.4000000e+00  -8.1891761e-02   1.4106405e-01
   4.4100000e+00  -8.0466150e-02   1.4189793e-01
   4.4200000e+00  -7.9044164e-02   1.4270560e-01
   4.4300000e+00  -7.7625949e-02   1.4348720e-01
   4.4400000e+00  -7.6211649e-02   1.4424289e-01
   4.4500000e+00  -7.4801406e-02   1.4497282e-01
   4.4600000e+00  -7.3395360e-02   1.4567715e-01
   4.4700000e+00  -7.1993650e-02   1.4635605e-01
   4.4800000e+00  -7.0596413e-02   1.4700966e-01
   4.4900000e+00  -6.9203782e-02   1.4763816e-01
   4.5000000e+00  -6.7815892e-02   1.4824170e-01
   4.5100000e+00  -6.6432872e-02   1.4882047e-01
   4.5200000e+00  -6.5054851e-02   1.4937461e-01
   4.5300000e+00  -6.3681958e-02   1.4990431e-01
   4.5400000e+00  -6.2314316e-02   1.5040972e-01
   4.5500000e+00  -6.0952049e-02   1.5089104e-01
   4.5600000e+00  -5.9595278e-02   1.5134842e-01
   4.5700000e+00  -5.8244123e-02   1.5178204e-01
   4.5800000e+00  -5.6898702e-02   1.5219208e-01
   4.5900000e+00  -5.5559130e-02   1.5257872e-01
   4.6000000e+00  -5.4225521e-02   1.5294213e-01
   4.6100000e+00  -5.2897988e-02   1.5328250e-01
   4.6200000e+00  -5.1576639e-02   1.5360001e-01
   4.6300000e+00  -5.0261584e-02   1.5389483e-01
   4.6400000e+00  -4.8952929e-02   1.5416715e-01
   4.6500000e+00  -4.7650778e-02   1.5441716e-01
   4.6600000e+00  -4.6355235e-02   1.5464504e-01
   4.6700000e+00  -4.5066399e-02   1.5485098e-01
   4.6800000e+00  -4.3784371e-02   1.5503516e-01
   4.6900000e+00  -4.2509247e-02   1.5519777e-01
   4.7000000e+00  -4.1241122e-02   1.5533901e-01
   4.7100000e+00  -3.9980091e-02   1.5545907e-01
   4.7200000e+00  -3.8726244e-02   1.5555812e-01
   4.7300000e+00  -3.7479673e-02   1.5563638e-01
   4.7400000e+00  -3.6240464e-02   1.5569402e-01
   4.7500000e+00  -3.5008704e-02   1.5573124e-01
   4.7600000e+00  -3.3784479e-02   1.5574824e-01
   4.7700000e+00  -3.2567870e-02   1.5574521e-01
   4.7800000e+00  -3.1358958e-02   1.5572235e-01
   4.7900000e+00  -3.0157823e-02   1.5567985e-01
   4.8000000e+00  -2.8964542e-02   1.5561791e-01
   4.8100000e+00  -2.7779191e-02   1.5553673e-01
   4.8200000e+00  -2.6601843e-02   1.5543650e-01
   4.8300000e+00  -2.5432572e-02   1.5531743e-01
   4.8400000e+00  -2.4271447e-02   1.5517970e-01
   4.8500000e+00  -2.3118537e-02   1.5502353e-01
   4.8600000e+00  -2.1973909e-02   1.5484911e-01
   4.8700000e+00  -2.0837629e-02   1.5465664e-01
   4.8800000e+00  -1.9709759e-02   1.5444632e-01
   4.8900000e+00  -1.8590363e-02   1.5421835e-01
   4.9000000e+00  -1.7479499e-02   1.5397293e-01
   4.9100000e+00  -1.6377227e-02   1.5371027e-01
   4.9200000e+00  -1.5283604e-02   1.5343056e-01
   4.9300000e+00  -1.4198685e-02   1.5313401e-01
   4.9400000e+00  -1.3122523e-02   1.5282082e-01
   4.9500000e+00  -1.2055170e-02   1.5249119e-01
   4.9600000e+00  -1.0996678e-02   1.5214532e-01
   4.9700000e+00  -9.9470929e-03   1.5178342e-01
   4.9800000e+00  -8.9064637e-03   1.5140569e-01
   4.9900000e+00  -7.8748354e-03   1.5101232e-01
   5.0000000e+00  -6.8522519e-03   1.5060353e-01
   5.0100000e+00  -5.8387555e-03   1.5017951e-01
   5.0200000e+00  -4.8343869e-03   1.4974048e-01
   5.0300000e+00  -3.8391854e-03   1.4928662e-01
   5.0400000e+00  -2.8531885e-03   1.4881814e-01
   5.0500000e+00  -1.8764323e-03   1.4833525e-01
   5.0600000e+00  -9.0895134e-04   1.4783814e-01
   5.0700000e+00   4.9221266e-05   1.4732702e-01
   5.0800000e+00   9.9805403e-04   1.4680209e-01
   5.0900000e+00   1.9375169e-03   1.4626355e-01
   5.1000000e+00   2.8675814e-03   1.4571160e-01
   5.1100000e+00   3.7882204e-03   1.4514645e-01
   5.1200000e+00   4.6994083e-03   1.4456829e-01
   5.1300000e+00   5.6011210e-03   1.4397733e-01
   5.1400000e+00   6.4933358e-03   1.4337376e-01
   5.1500000e+00   7.3760314e-03   1.4275778e-01
   5.1600000e+00   8.2491880e-03   1.4212960e-01
   5.1700000e+00   9.1127871e-03   1.4148941e-01
   5.1800000e+00   9.9668116e-03   1.4083742e-01
   5.1900000e+00   1.0811246e-02   1.4017381e-01
   5.2000000e+00   1.1646076e-02   1.3949879e-01
   5.2100000e+00   1.2471289e-02   1.3881255e-01
   5.2200000e+00   1.3286872e-02   1.3811530e-01
   5.2300000e+00   1.4092817e-02   1.3740722e-01
   5.2400000e+00   1.4889113e-02   1.3668852e-01
   5.2500000e+00   1.5675754e-02   1.3595938e-01
   5.2600000e+00   1.6452733e-02   1.3522001e-01
   5.2700000e+00   1.7220046e-02   1.3447059e-01
   5.2800000e+00   1.7977687e-02   1.3371133e-01
   5.2900000e+00   1.8725656e-02   1.3294241e-01
   5.3000000e+00   1.9463951e-02   1.3216402e-01
   5.3100000e+00   2.0192571e-02   1.3137636e-01
   5.3200000e+00   2.0911519e-02   1.3057962e-01
   5.3300000e+00   2.1620797e-02   1.2977399e-01
   5.3400000e+00   2.2320408e-02   1.2895965e-01
   5.3500000e+00   2.3010358e-02   1.2813680e-01
   5.3600000e+00   2.3690652e-02   1.2730562e-01
   5.3700000e+00   2.4361298e-02   1.2646631e-01
   5.3800000e+00   2.5022305e-02   1.2561904e-01
   5.3900000e+00   2.5673681e-02   1.2476400e-01
   5.4000000e+00   2.6315438e-02   1.2390138e-01
   5.4100000e+00   2.6947588e-02   1.2303136e-01
   5.4200000e+00   2.7570143e-02   1.2215413e-01
   5.4300000e+00   2.8183118e-02   1.2126986e-01
   5.4400000e+00   2.8786527e-02   1.2037874e-01
   5.4500000e+00   2.9380387e-02   1.1948095e-01
   5.4600000e+00   2.9964716e-02   1.1857666e-01
   5.4700000e+00   3.0539531e-02   1.1766606e-01
   5.4800000e+00   3.1104852e-02   1.1674933e-01
   5.4900000e+00   3.1660699e-02   1.1582663e-01
   5.5000000e+00   3.2207094e-02   1.1489815e-01
   5.5100000e+00   3.2744059e-02   1.1396407e-01
   5.5200000e+00   3.3271617e-02   1.1302454e-01
   5.5300000e+00   3.3789794e-02   1.1207976e-01
   5.5400000e+00   3.4298613e-02   1.1112988e-01
   5.5500000e+00   3.4798102e-02   1.1017509e-01
   5.5600000e+00   3.5288287e-02   1.0921554e-01
   5.5700000e+00   3.5769197e-02   1.0825141e-01
   5.5800000e+00   3.6240860e-02   1.0728287e-01
   5.5900000e+00   3.6703307e-02   1.0631008e-01
   5.6000000e+00   3.7156569e-02   1.0533321e-01
   5.6100000e+00   3.7600676e-02   1.0435242e-01
   5.6200000e+00   3.8035662e-02   1.0336787e-01
   5.6300000e+00   3.8461561e-02   1.0237973e-01
   5.6400000e+00   3.8878405e-02   1.0138816e-01
   5.6500000e+00   3.9286230e-02   1.0039332e-01
   5.6600000e+00   3.9685073e-02   9.9395371e-02
   5.6700000e+00   4.0074969e-02   9.8394463e-02
   5.6800000e+00   4.0455956e-02   9.7390756e-02
   5.6900000e+00   4.0828073e-02   9.6384406e-02
   5.7000000e+00   4.1191358e-02   9.5375566e-02
   5.7100000e+00   4.1545850e-02   9.4364389e-02
   5.7200000e+00   4.1891592e-02   9.3351028e-02
   5.7300000e+00   4.2228622e-02   9.2335632e-02
   5.7400000e+00   4.2556984e-02   9.1318352e-02
   5.7500000e+00   4.2876720e-02   9.0299335e-02
   5.7600000e+00   4.3187874e-02   8.9278727e-02
   5.7700000e+00   4.3490488e-02   8.8256676e-02
   5.7800000e+00   4.3784608e-02   8.7233324e-02
   5.7900000e+00   4.4070279e-02   8.6208816e-02
   5.8000000e+00   4.4347547e-02   8.5183293e-02
   5.8100000e+00   4.4616458e-02   8.4156896e-02
   5.8200000e+00   4.4877060e-02   8.3129764e-02
   5.8300000e+00   4.5129400e-02   8.2102035e-02
   5.8400000e+00   4.5373526e-02   8.1073847e-02
   5.8500000e+00   4.5609488e-02   8.0045335e-02
   5.8600000e+00   4.5837334e-02   7.9016633e-02
   5.8700000e+00   4.6057115e-02   7.7987874e-02
   5.8800000e+00   4.6268881e-02   7.6959191e-02
   5.8900000e+00   4.6472684e-02   7.5930713e-02
   5.9000000e+00   4.6668574e-02   7.4902569e-02
   5.9100000e+00   4.6856605e-02   7.3874888e-02
   5.9200000e+00   4.7036828e-02   7.2847796e-02
   5.9300000e+00   4.7209296e-02   7.1821419e-02
   5.9400000e+00   4.7374064e-02   7.0795880e-02
   5.9500000e+00   4.7531185e-02   6.9771301e-02
   5.9600000e+00   4.7680714e-02   6.8747805e-02
   5.9700000e+00   4.7822705e-02   6.7725511e-02
   5.9800000e+00   4.7957215e-02   6.6704538e-02
   5.9900000e+00   4.8084297e-02   6.5685003e-02
   6.0000000e+00   4.8204010e-02   6.4667023e-02
   6.0100000e+00   4.8316408e-02   6.3650711e-02
   6.0200000e+00   4.8421550e-02   6.2636182e-02
   6.0300000e+00   4.8519492e-02   6.1623547e-02
   6.0400000e+00   4.8610293e-02   6.0612917e-02
   6.0500000e+00   4.8694009e-02   5.9604401e-02
   6.0600000e+00   4.8770700e-02   5.8598107e-02
   6.0700000e+00   4.8840424e-02   5.7594143e-02
   6.0800000e+00   4.8903239e-02   5.6592613e-02
   6.0900000e+00   4.8959206e-02   5.5593622e-02
   6.1000000e+00   4.9008384e-02   5.4597271e-02
   6.1100000e+00   4.9050833e-02   5.3603664e-02
   6.1200000e+00   4.9086612e-02   5.2612898e-02
   6.1300000e+00   4.9115783e-02   5.1625074e-02
   6.1400000e+00   4.9138406e-02   5.0640288e-02
   6.1500000e+00   4.9154541e-02   4.9658636e-02
   6.1600000e+00   4.9164251e-02   4.8680214e-02
   6.1700000e+00   4.9167596e-02   4.7705114e-02
   6.1800000e+00   4.9164637e-02   4.6733429e-02
   6.1900000e+00   4.9155438e-02   4.5765249e-02
   6.2000000e+00   4.9140059e-02   4.4800663e-02
   6.2100000e+00   4.9118562e-02   4.3839759e-02
   6.2200000e+00   4.9091011e-02   4.2882625e-02
   6.2300000e+00   4.9057468e-02   4.1929345e-02
   6.2400000e+00   4.9017994e-02   4.0980003e-02
   6.2500000e+00   4.8972654e-02   4.0034683e-02
   6.2600000e+00   4.8921510e-02   3.9093466e-02
   6.2700000e+00   4.8864625e-02   3.8156431e-02
   6.2800000e+00   4.8802062e-02   3.7223657e-02
   6.2900000e+00   4.8733884e-02   3.6295222e-02
   6.3000000e+00   4.8660156e-02   3.5371203e-02
   6.3100000e+00   4.8580940e-02   3.4451673e-02
   6.3200000e+00   4.8496299e-02   3.3536707e-02
   6.3300000e+00   4.8406299e-02   3.2626376e-02
   6.3400000e+00   4.8311001e-02   3.1720752e-02
   6.3500000e+00   4.8210471e-02   3.0819904e-02
   6.3600000e+00   4.8104771e-02   2.9923900e-02
   6.3700000e+00   4.7993966e-02   2.9032808e-02
   6.3800000e+00   4.7878119e-02   2.8146694e-02
   6.3900000e+00   4.7757295e-02   2.7265622e-02
   6.4000000e+00   4.7631557e-02   2.6389655e-02
   6.4100000e+00   4.7500970e-02   2.5518855e-02
   6.4200000e+00   4.7365596e-02   2.4653283e-02
   6.4300000e+00   4.7225500e-02   2.3792999e-02
   6.4400000e+00   4.7080746e-02   2.2938060e-02
   6.4500000e+00   4.6931398e-02   2.2088524e-02
   6.4600000e+00   4.6777519e-02   2.1244446e-02
   6.4700000e+00   4.6619174e-02   2.0405880e-02
   6.4800000e+00   4.6456425e-02   1.9572881e-02
   6.4900000e+00   4.6289337e-02   1.8745500e-02
   6.5000000e+00   4.6117973e-02   1.7923788e-02
   6.5100000e+00   4.5942397e-02   1.7107794e-02
   6.5200000e+00   4.5762672e-02   1.6297567e-02
   6.5300000e+00   4.5578861e-02   1.5493154e-02
   6.5400000e+00   4.5391028e-02   1.4694600e-02
   6.5500000e+00   4.5199236e-02   1.3901952e-02
   6.5600000e+00   4.5003547e-02   1.3115251e-02
   6.5700000e+00   4.4804025e-02   1.2334542e-02
   6.5800000e+00   4.4600733e-02   1.1559864e-02
   6.5900000e+00   4.4393733e-02   1.0791258e-02
   6.6000000e+00   4.4183087e-02   1.0028762e-02
   6.6100000e+00   4.3968859e-02   9.2724153e-03
   6.6200000e+00   4.3751110e-02   8.5222535e-03
   6.6300000e+00   4.3529902e-02   7.7783121e-03
   6.6400000e+00   4.3305298e-02   7.0406255e-03
   6.6500000e+00   4.3077358e-02   6.3092267e-03
   6.6600000e+00   4.2846145e-02   5.5841479e-03
   6.6700000e+00   4.2611720e-02   4.8654198e-03
   6.6800000e+00   4.2374144e-02   4.1530725e-03
   6.6900000e+00   4.2133478e-02   3.4471344e-03
   6.7000000e+00   4.1889783e-02   2.7476333e-03
   6.7100000e+00   4.1643120e-02   2.0545955e-03
   6.7200000e+00   4.1393548e-02   1.3680467e-03
   6.7300000e+00   4.1141128e-02   6.8801102e-04
   6.7400000e+00   4.0885920e-02   1.4511851e-05
   6.7500000e+00   4.0627984e-02  -6.5242861e-04
   6.7600000e+00   4.0367379e-02  -1.3127892e-03
   6.7700000e+00   4.0104165e-02  -1.9665498e-03
   6.7800000e+00   3.9838399e-02  -2.6136913e-03
   6.7900000e+00   3.9570142e-02  -3.2541956e-03
   6.8000000e+00   3.9299451e-02  -3.8880458e-03
   6.8100000e+00   3.9026385e-02  -4.5152258e-03
   6.8200000e+00   3.8751002e-02  -5.1357205e-03
   6.8300000e+00   3.8473359e-02  -5.7495161e-03
   6.8400000e+00   3.8193515e-02  -6.3565994e-03
   6.8500000e+00   3.7911525e-02  -6.9569584e-03
   6.8600000e+00   3.7627447e-02  -7.5505821e-03
   6.8700000e+00   3.7341337e-02  -8.1374603e-03
   6.8800000e+00   3.7053252e-02  -8.7175840e-03
   6.8900000e+00   3.6763248e-02  -9.2909448e-03
   6.9000000e+00   3.6471380e-02  -9.8575357e-03
   6.9100000e+00   3.6177704e-02  -1.0417350e-02
   6.9200000e+00   3.5882275e-02  -1.0970383e-02
   6.9300000e+00   3.5585147e-02  -1.1516630e-02
   6.9400000e+00   3.5286376e-02  -1.2056086e-02
   6.9500000e+00   3.4986014e-02  -1.2588751e-02
   6.9600000e+00   3.4684116e-02  -1.3114621e-02
   6.9700000e+00   3.4380736e-02  -1.3633696e-02
   6.9800000e+00   3.4075927e-02  -1.4145976e-02
   6.9900000e+00   3.3769740e-02  -1.4651462e-02
   7.0000000e+00   3.3462229e-02  -1.5150156e-02
   7.0100000e+00   3.3153447e-02  -1.5642059e-02
   7.0200000e+00   3.2843444e-02  -1.6127176e-02
   7.0300000e+00   3.2532272e-02  -1.6605511e-02
   7.0400000e+00   3.2219982e-02  -1.7077068e-02
   7.0500000e+00   3.1906625e-02  -1.7541854e-02
   7.0600000e+00   3.1592251e-02  -1.7999876e-02
   7.0700000e+00   3.1276911e-02  -1.8451140e-02
   7.0800000e+00   3.0960653e-02  -1.8895655e-02
   7.0900000e+00   3.0643528e-02  -1.9333431e-02
   7.1000000e+00   3.0325583e-02  -1.9764476e-02
   7.1100000e+00   3.0006868e-02  -2.0188802e-02
   7.1200000e+00   2.9687431e-02  -2.0606420e-02
   7.1300000e+00   2.9367320e-02  -2.1017342e-02
   7.1400000e+00   2.9046581e-02  -2.1421580e-02
   7.1500000e+00   2.8725262e-02  -2.1819149e-02
   7.1600000e+00   2.8403409e-02  -2.2210063e-02
   7.1700000e+00   2.8081070e-02  -2.2594336e-02
   7.1800000e+00   2.7758289e-02  -2.2971984e-02
   7.1900000e+00   2.7435112e-02  -2.3343024e-02
   7.2000000e+00   2.7111584e-02  -2.3707473e-02
   7.2100000e+00   2.6787750e-02  -2.4065348e-02
   7.2200000e+00   2.6463655e-02  -2.4416667e-02
   7.2300000e+00   2.6139341e-02  -2.4761451e-02
   7.2400000e+00   2.5814852e-02  -2.5099718e-02
   7.2500000e+00   2.5490233e-02  -2.5431489e-02
   7.2600000e+00   2.5165524e-02  -2.5756785e-02
   7.2700000e+00   2.4840769e-02  -2.6075628e-02
   7.2800000e+00   2.4516010e-02  -2.6388039e-02
   7.2900000e+00   2.4191287e-02  -2.6694041e-02
   7.3000000e+00   2.3866642e-02  -2.6993658e-02
   7.3100000e+00   2.3542116e-02  -2.7286914e-02
   7.3200000e+00   2.3217749e-02  -2.7573834e-02
   7.3300000e+00   2.2893580e-02  -2.7854442e-02
   7.3400000e+00   2.2569649e-02  -2.8128764e-02
   7.3500000e+00   2.2245995e-02  -2.8396826e-02
   7.3600000e+00   2.1922657e-02  -2.8658656e-02
   7.3700000e+00   2.1599673e-02  -2.8914281e-02
   7.3800000e+00   2.1277080e-02  -2.9163727e-02
   7.3900000e+00   2.0954916e-02  -2.9407025e-02
   7.4000000e+00   2.0633218e-02  -2.9644202e-02
   7.4100000e+00   2.0312022e-02  -2.9875288e-02
   7.4200000e+00   1.9991364e-02  -3.0100314e-02
   7.4300000e+00   1.9671280e-02  -3.0319308e-02
   7.4400000e+00   1.9351805e-02  -3.0532302e-02
   7.4500000e+00   1.9032975e-02  -3.0739328e-02
   7.4600000e+00   1.8714822e-02  -3.0940417e-02
   7.4700000e+00   1.8397382e-02  -3.1135601e-02
   7.4800000e+00   1.8080688e-02  -3.1324913e-02
   7.4900000e+00   1.7764773e-02  -3.1508385e-02
   7.5000000e+00   1.7449670e-02  -3.1686053e-02
   7.5100000e+00   1.7135411e-02  -3.1857948e-02
   7.5200000e+00   1.6822027e-02  -3.2024106e-02
   7.5300000e+00   1.6509551e-02  -3.2184561e-02
   7.5400000e+00   1.6198013e-02  -3.2339349e-02
   7.5500000e+00   1.5887444e-02  -3.2488505e-02
   7.5600000e+00   1.5577874e-02  -3.2632064e-02
   7.5700000e+00   1.5269333e-02  -3.2770063e-02
   7.5800000e+00   1.4961850e-02  -3.2902539e-02
   7.5900000e+00   1.4655454e-02  -3.3029528e-02
   7.6000000e+00   1.4350174e-02  -3.3151068e-02
   7.6100000e+00   1.4046037e-02  -3.3267195e-02
   7.6200000e+00   1.3743072e-02  -3.3377949e-02
   7.6300000e+00   1.3441305e-02  -3.3483368e-02
   7.6400000e+00   1.3140763e-02  -3.3583489e-02
   7.6500000e+00   1.2841473e-02  -3.3678351e-02
   7.6600000e+00   1.2543461e-02  -3.3767995e-02
   7.6700000e+00   1.2246752e-02  -3.3852459e-02
   7.6800000e+00   1.1951371e-02  -3.3931783e-02
   7.6900000e+00   1.1657343e-02  -3.4006006e-02
   7.7000000e+00   1.1364693e-02  -3.4075170e-02
   7.7100000e+00   1.1073444e-02  -3.4139314e-02
   7.7200000e+00   1.0783620e-02  -3.4198479e-02
   7.7300000e+00   1.0495244e-02  -3.4252707e-02
   7.7400000e+00   1.0208338e-02  -3.4302038e-02
   7.7500000e+00   9.9229251e-03  -3.4346514e-02
   7.7600000e+00   9.6390270e-03  -3.4386176e-02
   7.7700000e+00   9.3566651e-03  -3.4421066e-02
   7.7800000e+00   9.0758603e-03  -3.4451227e-02
   7.7900000e+00   8.7966334e-03  -3.4476700e-02
   7.8000000e+00   8.5190045e-03  -3.4497529e-02
   7.8100000e+00   8.2429936e-03  -3.4513754e-02
   7.8200000e+00   7.9686201e-03  -3.4525420e-02
   7.8300000e+00   7.6959029e-03  -3.4532569e-02
   7.8400000e+00   7.4248608e-03  -3.4535245e-02
   7.8500000e+00   7.1555120e-03  -3.4533490e-02
   7.8600000e+00   6.8878744e-03  -3.4527348e-02
   7.8700000e+00   6.6219654e-03  -3.4516862e-02
   7.8800000e+00   6.3578021e-03  -3.4502076e-02
   7.8900000e+00   6.0954011e-03  -3.4483034e-02
   7.9000000e+00   5.8347789e-03  -3.4459780e-02
   7.9100000e+00   5.5759512e-03  -3.4432358e-02
   7.9200000e+00   5.3189337e-03  -3.4400811e-02
   7.9300000e+00   5.0637414e-03  -3.4365185e-02
   7.9400000e+00   4.8103891e-03  -3.4325523e-02
   7.9500000e+00   4.5588913e-03  -3.4281869e-02
   7.9600000e+00   4.3092619e-03  -3.4234269e-02
   7.9700000e+00   4.0615145e-03  -3.4182766e-02
   7.9800000e+00   3.8156625e-03  -3.4127406e-02
   7.9900000e+00   3.5717187e-03  -3.4068232e-02
   8.0000000e+00   3.3296957e-03  -3.4005290e-02
   8.0100000e+00   3.0896055e-03  -3.3938624e-02
   8.0200000e+00   2.8514601e-03  -3.3868279e-02
   8.0300000e+00   2.6152707e-03  -3.3794301e-02
   8.0400000e+00   2.3810486e-03  -3.3716732e-02
   8.0500000e+00   2.1488043e-03  -3.3635620e-02
   8.0600000e+00   1.9185483e-03  -3.3551008e-02
   8.0700000e+00   1.6902905e-03  -3.3462941e-02
   8.0800000e+00   1.4640406e-03  -3.3371464e-02
   8.0900000e+00   1.2398079e-03  -3.3276623e-02
   8.1000000e+00   1.0176014e-03  -3.3178461e-02
   8.1100000e+00   7.9742956e-04  -3.3077024e-02
   8.1200000e+00   5.7930073e-04  -3.2972357e-02
   8.1300000e+00   3.6322282e-04  -3.2864505e-02
   8.1400000e+00   1.4920339e-04  -3.2753511e-02
   8.1500000e+00  -6.2750290e-05  -3.2639422e-02
   8.1600000e+00  -2.7263133e-04  -3.2522281e-02
   8.1700000e+00  -4.8043315e-04  -3.2402134e-02
   8.1800000e+00  -6.8614950e-04  -3.2279025e-02
   8.1900000e+00  -8.8977445e-04  -3.2152998e-02
   8.2000000e+00  -1.0913024e-03  -3.2024098e-02
   8.2100000e+00  -1.2907281e-03  -3.1892370e-02
   8.2200000e+00  -1.4880466e-03  -3.1757857e-02
   8.2300000e+00  -1.6832532e-03  -3.1620605e-02
   8.2400000e+00  -1.8763437e-03  -3.1480657e-02
   8.2500000e+00  -2.0673139e-03  -3.1338057e-02
   8.2600000e+00  -2.2561603e-03  -3.1192850e-02
   8.2700000e+00  -2.4428794e-03  -3.1045079e-02
   8.2800000e+00  -2.6274681e-03  -3.0894788e-02
   8.2900000e+00  -2.8099236e-03  -3.0742021e-02
   8.3000000e+00  -2.9902434e-03  -3.0586821e-02
   8.3100000e+00  -3.1684254e-03  -3.0429232e-02
   8.3200000e+00  -3.3444677e-03  -3.0269298e-02
   8.3300000e+00  -3.5183686e-03  -3.0107061e-02
   8.3400000e+00  -3.6901268e-03  -2.9942565e-02
   8.3500000e+00  -3.8597413e-03  -2.9775853e-02
   8.3600000e+00  -4.0272113e-03  -2.9606967e-02
   8.3700000e+00  -4.1925364e-03  -2.9435950e-02
   8.3800000e+00  -4.3557164e-03  -2.9262845e-02
   8.3900000e+00  -4.5167513e-03  -2.9087695e-02
   8.4000000e+00  -4.6756416e-03  -2.8910540e-02
   8.4100000e+00  -4.8323878e-03  -2.8731425e-02
   8.4200000e+00  -4.9869908e-03  -2.8550390e-02
   8.4300000e+00  -5.1394519e-03  -2.8367477e-02
   8.4400000e+00  -5.2897723e-03  -2.8182728e-02
   8.4500000e+00  -5.4379539e-03  -2.7996185e-02
   8.4600000e+00  -5.5839985e-03  -2.7807888e-02
   8.4700000e+00  -5.7279083e-03  -2.7617879e-02
   8.4800000e+00  -5.8696858e-03  -2.7426198e-02
   8.4900000e+00  -6.0093337e-03  -2.7232888e-02
   8.5000000e+00  -6.1468549e-03  -2.7037986e-02
   8.5100000e+00  -6.2822525e-03  -2.6841536e-02
   8.5200000e+00  -6.4155300e-03  -2.6643575e-02
   8.5300000e+00  -6.5466911e-03  -2.6444145e-02
   8.5400000e+00  -6.6757396e-03  -2.6243285e-02
   8.5500000e+00  -6.8026797e-03  -2.6041035e-02
   8.5600000e+00  -6.9275156e-03  -2.5837434e-02
   8.5700000e+00  -7.0502521e-03  -2.5632521e-02
   8.5800000e+00  -7.1708938e-03  -2.5426335e-02
   8.5900000e+00  -7.2894458e-03  -2.5218915e-02
   8.6000000e+00  -7.4059133e-03  -2.5010299e-02
   8.6100000e+00  -7.5203019e-03  -2.4800525e-02
   8.6200000e+00  -7.6326171e-03  -2.4589632e-02
   8.6300000e+00  -7.7428648e-03  -2.4377657e-02
   8.6400000e+00  -7.8510511e-03  -2.4164638e-02
   8.6500000e+00  -7.9571822e-03  -2.3950613e-02
   8.6600000e+00  -8.0612648e-03  -2.3735617e-02
   8.6700000e+00  -8.1633054e-03  -2.3519689e-02
   8.6800000e+00  -8.2633109e-03  -2.3302865e-02
   8.6900000e+00  -8.3612884e-03  -2.3085180e-02
   8.7000000e+00  -8.4572451e-03  -2.2866672e-02
   8.7100000e+00  -8.5511886e-03  -2.2647377e-02
   8.7200000e+00  -8.6431264e-03  -2.2427329e-02
   8.7300000e+00  -8.7330663e-03  -2.2206564e-02
   8.7400000e+00  -8.8210164e-03  -2.1985118e-02
   8.7500000e+00  -8.9069848e-03  -2.1763025e-02
   8.7600000e+00  -8.9909798e-03  -2.1540320e-02
   8.7700000e+00  -9.0730099e-03  -2.1317037e-02
   8.7800000e+00  -9.1530839e-03  -2.1093211e-02
   8.7900000e+00  -9.2312105e-03  -2.0868874e-02
   8.8000000e+00  -9.3073989e-03  -2.0644062e-02
   8.8100000e+00  -9.3816580e-03  -2.0418806e-02
   8.8200000e+00  -9.4539973e-03  -2.0193141e-02
   8.8300000e+00  -9.5244263e-03  -1.9967099e-02
   8.8400000e+00  -9.5929545e-03  -1.9740711e-02
   8.8500000e+00  -9.6595918e-03  -1.9514012e-02
   8.8600000e+00  -9.7243480e-03  -1.9287032e-02
   8.8700000e+00  -9.7872333e-03  -1.9059804e-02
   8.8800000e+00  -9.8482578e-03  -1.8832358e-02
   8.8900000e+00  -9.9074318e-03  -1.8604726e-02
   8.9000000e+00  -9.9647659e-03  -1.8376938e-02
   8.9100000e+00  -1.0020271e-02  -1.8149026e-02
   8.9200000e+00  -1.0073957e-02  -1.7921019e-02
   8.9300000e+00  -1.0125835e-02  -1.7692948e-02
   8.9400000e+00  -1.0175917e-02  -1.7464842e-02
   8.9500000e+00  -1.0224213e-02  -1.7236730e-02
   8.9600000e+00  -1.0270735e-02  -1.7008643e-02
   8.9700000e+00  -1.0315493e-02  -1.6780607e-02
   8.9800000e+00  -1.0358501e-02  -1.6552654e-02
   8.9900000e+00  -1.0399768e-02  -1.6324809e-02
   9.0000000e+00  -1.0439306e-02  -1.6097102e-02
   9.0100000e+00  -1.0477129e-02  -1.5869560e-02
   9.0200000e+00  -1.0513246e-02  -1.5642211e-02
   9.0300000e+00  -1.0547671e-02  -1.5415082e-02
   9.0400000e+00  -1.0580416e-02  -1.5188199e-02
   9.0500000e+00  -1.0611492e-02  -1.4961589e-02
   9.0600000e+00  -1.0640912e-02  -1.4735278e-02
   9.0700000e+00  -1.0668689e-02  -1.4509293e-02
   9.0800000e+00  -1.0694834e-02  -1.4283658e-02
   9.0900000e+00  -1.0719361e-02  -1.4058400e-02
   9.1000000e+00  -1.0742282e-02  -1.3833543e-02
   9.1100000e+00  -1.0763609e-02  -1.3609112e-02
   9.1200000e+00  -1.0783356e-02  -1.3385132e-02
   9.1300000e+00  -1.0801535e-02  -1.3161626e-02
   9.1400000e+00  -1.0818160e-02  -1.2938619e-02
   9.1500000e+00  -1.0833243e-02  -1.2716135e-02
   9.1600000e+00  -1.0846798e-02  -1.2494195e-02
   9.1700000e+00  -1.0858837e-02  -1.2272825e-02
   9.1800000e+00  -1.0869374e-02  -1.2052045e-02
   9.1900000e+00  -1.0878422e-02  -1.1831879e-02
   9.2000000e+00  -1.0885995e-02  -1.1612349e-02
   9.2100000e+00  -1.0892105e-02  -1.1393476e-02
   9.2200000e+00  -1.0896767e-02  -1.1175282e-02
   9.2300000e+00  -1.0899994e-02  -1.0957788e-02
   9.2400000e+00  -1.0901799e-02  -1.0741016e-02
   9.2500000e+00  -1.0902196e-02  -1.0524985e-02
   9.2600000e+00  -1.0901199e-02  -1.0309716e-02
   9.2700000e+00  -1.0898822e-02  -1.0095229e-02
   9.2800000e+00  -1.0895078e-02  -9.8815445e-03
   9.2900000e+00  -1.0889980e-02  -9.6686810e-03
   9.3000000e+00  -1.0883544e-02  -9.4566578e-03
   9.3100000e+00  -1.0875782e-02  -9.2454940e-03
   9.3200000e+00  -1.0866709e-02  -9.0352079e-03
   9.3300000e+00  -1.0856338e-02  -8.8258180e-03
   9.3400000e+00  -1.0844684e-02  -8.6173421e-03
   9.3500000e+00  -1.0831760e-02  -8.4097980e-03
   9.3600000e+00  -1.0817580e-02  -8.2032031e-03
   9.3700000e+00  -1.0802160e-02  -7.9975744e-03
   9.3800000e+00  -1.0785511e-02  -7.7929288e-03
   9.3900000e+00  -1.0767650e-02  -7.5892828e-03
   9.4000000e+00  -1.0748589e-02  -7.3866526e-03
   9.4100000e+00  -1.0728343e-02  -7.1850542e-03
   9.4200000e+00  -1.0706926e-02  -6.9845032e-03
   9.4300000e+00  -1.0684352e-02  -6.7850150e-03
   9.4400000e+00  -1.0660635e-02  -6.5866047e-03
   9.4500000e+00  -1.0635790e-02  -6.3892871e-03
   9.4600000e+00  -1.0609830e-02  -6.1930768e-03
   9.4700000e+00  -1.0582771e-02  -5.9979879e-03
   9.4800000e+00  -1.0554625e-02  -5.8040344e-03
   9.4900000e+00  -1.0525407e-02  -5.6112300e-03
   9.5000000e+00  -1.0495131e-02  -5.4195880e-03
   9.5100000e+00  -1.0463812e-02  -5.2291217e-03
   9.5200000e+00  -1.0431464e-02  -5.0398439e-03
   9.5300000e+00  -1.0398100e-02  -4.8517670e-03
   9.5400000e+00  -1.0363735e-02  -4.6649034e-03
   9.5500000e+00  -1.0328383e-02  -4.4792652e-03
   9.5600000e+00  -1.0292058e-02  -4.2948640e-03
   9.5700000e+00  -1.0254775e-02  -4.1117113e-03
   9.5800000e+00  -1.0216547e-02  -3.9298183e-03
   9.5900000e+00  -1.0177388e-02  -3.7491959e-03
   9.6000000e+00  -1.0137313e-02  -3.5698548e-03
   9.6100000e+00  -1.0096335e-02  -3.3918055e-03
   9.6200000e+00  -1.0054469e-02  -3.2150579e-03
   9.6300000e+00  -1.0011728e-02  -3.0396220e-03
   9.6400000e+00  -9.9681272e-03  -2.8655073e-03
   9.6500000e+00  -9.9236795e-03  -2.6927233e-03
   9.6600000e+00  -9.8783992e-03  -2.5212790e-03
   9.6700000e+00  -9.8323001e-03  -2.3511831e-03
   9.6800000e+00  -9.7853961e-03  -2.1824443e-03
   9.6900000e+00  -9.7377010e-03  -2.0150708e-03
   9.7000000e+00  -9.6892287e-03  -1.8490707e-03
   9.7100000e+00  -9.6399928e-03  -1.6844519e-03
   9.7200000e+00  -9.5900071e-03  -1.5212217e-03
   9.7300000e+00  -9.5392852e-03  -1.3593876e-03
   9.7400000e+00  -9.4878409e-03  -1.1989565e-03
   9.7500000e+00  -9.4356877e-03  -1.0399353e-03
   9.7600000e+00  -9.3828391e-03  -8.8233046e-04
   9.7700000e+00  -9.3293086e-03  -7.2614834e-04
   9.7800000e+00  -9.2751099e-03  -5.7139498e-04
   9.7900000e+00  -9.2202561e-03  -4.1807621e-04
   9.8000000e+00  -9.1647608e-03  -2.6619759e-04
   9.8100000e+00  -9.1086373e-03  -1.1576448e-04
   9.8200000e+00  -9.0518988e-03   3.3218031e-05
   9.8300000e+00  -8.9945586e-03   1.8074506e-04
   9.8400000e+00  -8.9366298e-03   3.2681198e-04
   9.8500000e+00  -8.8781256e-03   4.7141439e-04
   9.8600000e+00  -8.8190590e-03   6.1454809e-04
   9.8700000e+00  -8.7594430e-03   7.5620916e-04
   9.8800000e+00  -8.6992907e-03   8.9639386e-04
   9.8900000e+00  -8.6386148e-03   1.0350987e-03
   9.9000000e+00  -8.5774282e-03   1.1723204e-03
   9.9100000e+00  -8.5157438e-03   1.3080559e-03
   9.9200000e+00  -8.4535742e-03   1.4423024e-03
   9.9300000e+00  -8.3909320e-03   1.5750573e-03
   9.9400000e+00  -8.3278300e-03   1.7063181e-03
   9.9500000e+00  -8.2642805e-03   1.8360827e-03
   9.9600000e+00  -8.2002961e-03   1.9643491e-03
   9.9700000e+00  -8.1358891e-03   2.0911155e-03
   9.9800000e+00  -8.0710720e-03   2.2163804e-03
   9.9900000e+00  -8.0058568e-03   2.3401425e-03
   1.0000000e+01  -7.9402560e-03   2.4624005e-03
   1.0010000e+01  -7.8742814e-03   2.5831536e-03
   1.0020000e+01  -7.8079453e-03   2.7024009e-03
   1.0030000e+01  -7.7412597e-03   2.8201421e-03
   1.0040000e+01  -7.6742363e-03   2.9363766e-03
   1.0050000e+01  -7.6068870e-03   3.0511044e-03
   1.0060000e+01  -7.5392237e-03   3.1643256e-03
   1.0070000e+01  -7.4712580e-03   3.2760403e-03
   1.0080000e+01  -7.4030015e-03   3.3862489e-03
   1.0090000e+01  -7.3344658e-03   3.4949522e-03
   1.0100000e+01  -7.2656622e-03   3.6021509e-03
   1.0110000e+01  -7.1966023e-03   3.7078459e-03
   1.0120000e+01  -7.1272973e-03   3.8120385e-03
   1.0130000e+01  -7.0577584e-03   3.9147300e-03
   1.0140000e+01  -6.9879968e-03   4.0159219e-03
   1.0150000e+01  -6.9180235e-03   4.1156160e-03
   1.0160000e+01  -6.8478495e-03   4.2138140e-03
   1.0170000e+01  -6.7774858e-03   4.3105181e-03
   1.0180000e+01  -6.7069431e-03   4.4057304e-03
   1.0190000e+01  -6.6362322e-03   4.4994534e-03
   1.0200000e+01  -6.5653638e-03   4.5916896e-03
   1.0210000e+01  -6.4943484e-03   4.6824418e-03
   1.0220000e+01  -6.4231965e-03   4.7717127e-03
   1.0230000e+01  -6.3519185e-03   4.8595056e-03
   1.0240000e+01  -6.2805248e-03   4.9458234e-03
   1.0250000e+01  -6.2090255e-03   5.0306697e-03
   1.0260000e+01  -6.1374309e-03   5.1140479e-03
   1.0270000e+01  -6.0657509e-03   5.1959618e-03
   1.0280000e+01  -5.9939955e-03   5.2764150e-03
   1.0290000e+01  -5.9221747e-03   5.3554116e-03
   1.0300000e+01  -5.8502982e-03   5.4329557e-03
   1.0310000e+01  -5.7783758e-03   5.5090516e-03
   1.0320000e+01  -5.7064170e-03   5.5837036e-03
   1.0330000e+01  -5.6344314e-03   5.6569163e-03
   1.0340000e+01  -5.5624284e-03   5.7286945e-03
   1.0350000e+01  -5.4904175e-03   5.7990428e-03
   1.0360000e+01  -5.4184077e-03   5.8679663e-03
   1.0370000e+01  -5.3464084e-03   5.9354700e-03
   1.0380000e+01  -5.2744286e-03   6.0015592e-03
   1.0390000e+01  -5.2024772e-03   6.0662392e-03
   1.0400000e+01  -5.1305633e-03   6.1295156e-03
   1.0410000e+01  -5.0586955e-03   6.1913938e-03
   1.0420000e+01  -4.9868827e-03   6.2518797e-03
   1.0430000e+01  -4.9151334e-03   6.3109790e-03
   1.0440000e+01  -4.8434561e-03   6.3686978e-03
   1.0450000e+01  -4.7718594e-03   6.4250421e-03
   1.0460000e+01  -4.7003515e-03   6.4800182e-03
   1.0470000e+01  -4.6289407e-03   6.5336323e-03
   1.0480000e+01  -4.5576352e-03   6.5858910e-03
   1.0490000e+01  -4.4864430e-03   6.6368006e-03
   1.0500000e+01  -4.4153721e-03   6.6863679e-03
   1.0510000e+01  -4.3444304e-03   6.7345996e-03
   1.0520000e+01  -4.2736257e-03   6.7815026e-03
   1.0530000e+01  -4.2029657e-03   6.8270839e-03
   1.0540000e+01  -4.1324579e-03   6.8713505e-03
   1.0550000e+01  -4.0621099e-03   6.9143095e-03
   1.0560000e+01  -3.9919292e-03   6.9559683e-03
   1.0570000e+01  -3.9219229e-03   6.9963341e-03
   1.0580000e+01  -3.8520985e-03   7.0354145e-03
   1.0590000e+01  -3.7824629e-03   7.0732169e-03
   1.0600000e+01  -3.7130232e-03   7.1097491e-03
   1.0610000e+01  -3.6437864e-03   7.1450186e-03
   1.0620000e+01  -3.5747593e-03   7.1790333e-03
   1.0630000e+01  -3.5059488e-03   7.2118012e-03
   1.0640000e+01  -3.4373613e-03   7.2433301e-03
   1.0650000e+01  -3.3690037e-03   7.2736281e-03
   1.0660000e+01  -3.3008822e-03   7.3027033e-03
   1.0670000e+01  -3.2330033e-03   7.3305639e-03
   1.0680000e+01  -3.1653733e-03   7.3572183e-03
   1.0690000e+01  -3.0979984e-03   7.3826748e-03
   1.0700000e+01  -3.0308847e-03   7.4069417e-03
   1.0710000e+01  -2.9640382e-03   7.4300276e-03
   1.0720000e+01  -2.8974649e-03   7.4519411e-03
   1.0730000e+01  -2.8311705e-03   7.4726907e-03
   1.0740000e+01  -2.7651608e-03   7.4922852e-03
   1.0750000e+01  -2.6994415e-03   7.5107332e-03
   1.0760000e+01  -2.6340181e-03   7.5280437e-03
   1.0770000e+01  -2.5688960e-03   7.5442256e-03
   1.0780000e+01  -2.5040807e-03   7.5592876e-03
   1.0790000e+01  -2.4395774e-03   7.5732388e-03
   1.0800000e+01  -2.3753913e-03   7.5860883e-03
   1.0810000e+01  -2.3115275e-03   7.5978452e-03
   1.0820000e+01  -2.2479909e-03   7.6085185e-03
   1.0830000e+01  -2.1847866e-03   7.6181176e-03
   1.0840000e+01  -2.1219193e-03   7.6266515e-03
   1.0850000e+01  -2.0593939e-03   7.6341297e-03
   1.0860000e+01  -1.9972148e-03   7.6405614e-03
   1.0870000e+01  -1.9353867e-03   7.6459561e-03
   1.0880000e+01  -1.8739140e-03   7.6503230e-03
   1.0890000e+01  -1.8128012e-03   7.6536718e-03
   1.0900000e+01  -1.7520524e-03   7.6560118e-03
   1.0910000e+01  -1.6916720e-03   7.6573527e-03
   1.0920000e+01  -1.6316640e-03   7.6577039e-03
   1.0930000e+01  -1.5720324e-03   7.6570750e-03
   1.0940000e+01  -1.5127812e-03   7.6554758e-03
   1.0950000e+01  -1.4539143e-03   7.6529158e-03
   1.0960000e+01  -1.3954353e-03   7.6494047e-03
   1.0970000e+01  -1.3373481e-03   7.6449523e-03
   1.0980000e+01  -1.2796561e-03   7.6395682e-03
   1.0990000e+01  -1.2223629e-03   7.6332623e-03
   1.1000000e+01  -1.1654719e-03   7.6260444e-03
   1.1010000e+01  -1.1089864e-03   7.6179241e-03
   1.1020000e+01  -1.0529097e-03   7.6089114e-03
   1.1030000e+01  -9.9724496e-04   7.5990161e-03
   1.1040000e+01  -9.4199529e-04   7.5882481e-03
   1.1050000e+01  -8.8716366e-04   7.5766172e-03
   1.1060000e+01  -8.3275301e-04   7.5641333e-03
   1.1070000e+01  -7.7876616e-04   7.5508063e-03
   1.1080000e+01  -7.2520589e-04   7.5366462e-03
   1.1090000e+01  -6.7207485e-04   7.5216628e-03
   1.1100000e+01  -6.1937566e-04   7.5058662e-03
   1.1110000e+01  -5.6711081e-04   7.4892661e-03
   1.1120000e+01  -5.1528276e-04   7.4718726e-03
   1.1130000e+01  -4.6389384e-04   7.4536956e-03
   1.1140000e+01  -4.1294634e-04   7.4347451e-03
   1.1150000e+01  -3.6244245e-04   7.4150310e-03
   1.1160000e+01  -3.1238431e-04   7.3945633e-03
   1.1170000e+01  -2.6277393e-04   7.3733519e-03
   1.1180000e+01  -2.1361330e-04   7.3514067e-03
   1.1190000e+01  -1.6490430e-04   7.3287378e-03
   1.1200000e+01  -1.1664875e-04   7.3053550e-03
   1.1210000e+01  -6.8848376e-05   7.2812683e-03
   1.1220000e+01  -2.1504845e-05   7.2564876e-03
   1.1230000e+01   2.5380255e-05   7.2310229e-03
   1.1240000e+01   7.1805410e-05   7.2048840e-03
   1.1250000e+01   1.1776918e-04   7.1780809e-03
   1.1260000e+01   1.6327020e-04   7.1506234e-03
   1.1270000e+01   2.0830716e-04   7.1225215e-03
   1.1280000e+01   2.5287886e-04   7.0937849e-03
   1.1290000e+01   2.9698414e-04   7.0644235e-03
   1.1300000e+01   3.4062190e-04   7.0344472e-03
   1.1310000e+01   3.8379115e-04   7.0038657e-03
   1.1320000e+01   4.2649095e-04   6.9726890e-03
   1.1330000e+01   4.6872041e-04   6.9409266e-03
   1.1340000e+01   5.1047874e-04   6.9085885e-03
   1.1350000e+01   5.5176519e-04   6.8756843e-03
   1.1360000e+01   5.9257911e-04   6.8422237e-03
   1.1370000e+01   6.3291988e-04   6.8082164e-03
   1.1380000e+01   6.7278697e-04   6.7736722e-03
   1.1390000e+01   7.1217992e-04   6.7386005e-03
   1.1400000e+01   7.5109831e-04   6.7030111e-03
   1.1410000e+01   7.8954181e-04   6.6669135e-03
   1.1420000e+01   8.2751013e-04   6.6303173e-03
   1.1430000e+01   8.6500307e-04   6.5932320e-03
   1.1440000e+01   9.0202048e-04   6.5556670e-03
   1.1450000e+01   9.3856225e-04   6.5176319e-03
   1.1460000e+01   9.7462838e-04   6.4791361e-03
   1.1470000e+01   1.0102189e-03   6.4401890e-03
   1.1480000e+01   1.0453339e-03   6.4007999e-03
   1.1490000e+01   1.0799735e-03   6.3609781e-03
   1.1500000e+01   1.1141379e-03   6.3207331e-03
   1.1510000e+01   1.1478275e-03   6.2800739e-03
   1.1520000e+01   1.1810425e-03   6.2390099e-03
   1.1530000e+01   1.2137834e-03   6.1975502e-03
   1.1540000e+01   1.2460505e-03   6.1557040e-03
   1.1550000e+01   1.2778444e-03   6.1134804e-03
   1.1560000e+01   1.3091656e-03   6.0708883e-03
   1.1570000e+01   1.3400147e-03   6.0279369e-03
   1.1580000e+01   1.3703925e-03   5.9846352e-03
   1.1590000e+01   1.4002995e-03   5.9409920e-03
   1.1600000e+01   1.4297367e-03   5.8970162e-03
   1.1610000e+01   1.4587048e-03   5.8527168e-03
   1.1620000e+01   1.4872046e-03   5.8081024e-03
   1.1630000e+01   1.5152372e-03   5.7631819e-03
   1.1640000e+01   1.5428035e-03   5.7179640e-03
   1.1650000e+01   1.5699044e-03   5.6724573e-03
   1.1660000e+01   1.5965412e-03   5.6266704e-03
   1.1670000e+01   1.6227149e-03   5.5806120e-03
   1.1680000e+01   1.6484267e-03   5.5342905e-03
   1.1690000e+01   1.6736778e-03   5.4877144e-03
   1.1700000e+01   1.6984694e-03   5.4408922e-03
   1.1710000e+01   1.7228030e-03   5.3938321e-03
   1.1720000e+01   1.7466798e-03   5.3465426e-03
   1.1730000e+01   1.7701013e-03   5.2990318e-03
   1.1740000e+01   1.7930689e-03   5.2513081e-03
   1.1750000e+01   1.8155840e-03   5.2033795e-03
   1.1760000e+01   1.8376483e-03   5.1552541e-03
   1.1770000e+01   1.8592633e-03   5.1069401e-03
   1.1780000e+01   1.8804307e-03   5.0584454e-03
   1.1790000e+01   1.9011520e-03   5.0097780e-03
   1.1800000e+01   1.9214290e-03   4.9609457e-03
   1.1810000e+01   1.9412635e-03   4.9119564e-03
   1.1820000e+01   1.9606571e-03   4.8628179e-03
   1.1830000e+01   1.9796118e-03   4.8135378e-03
   1.1840000e+01   1.9981294e-03   4.7641239e-03
   1.1850000e+01   2.0162118e-03   4.7145838e-03
   1.1860000e+01   2.0338609e-03   4.6649250e-03
   1.1870000e+01   2.0510788e-03   4.6151549e-03
   1.1880000e+01   2.0678673e-03   4.5652811e-03
   1.1890000e+01   2.0842285e-03   4.5153108e-03
   1.1900000e+01   2.1001646e-03   4.4652515e-03
   1.1910000e+01   2.1156776e-03   4.4151103e-03
   1.1920000e+01   2.1307696e-03   4.3648945e-03
   1.1930000e+01   2.1454429e-03   4.3146112e-03
   1.1940000e+01   2.1596996e-03   4.2642674e-03
   1.1950000e+01   2.1735421e-03   4.2138701e-03
   1.1960000e+01   2.1869725e-03   4.1634264e-03
   1.1970000e+01   2.1999931e-03   4.1129431e-03
   1.1980000e+01   2.2126064e-03   4.0624270e-03
   1.1990000e+01   2.2248146e-03   4.0118848e-03
   1.2000000e+01   2.2366201e-03   3.9613234e-03
   1.2010000e+01   2.2480254e-03   3.9107492e-03
   1.2020000e+01   2.2590329e-03   3.8601690e-03
   1.2030000e+01   2.2696451e-03   3.8095891e-03
   1.2040000e+01   2.2798645e-03   3.7590162e-03
   1.2050000e+01   2.2896935e-03   3.7084564e-03
   1.2060000e+01   2.2991348e-03   3.6579162e-03
   1.2070000e+01   2.3081909e-03   3.6074017e-03
   1.2080000e+01   2.3168644e-03   3.5569193e-03
   1.2090000e+01   2.3251579e-03   3.5064750e-03
   1.2100000e+01   2.3330741e-03   3.4560749e-03
   1.2110000e+01   2.3406157e-03   3.4057250e-03
   1.2120000e+01   2.3477853e-03   3.3554312e-03
   1.2130000e+01   2.3545856e-03   3.3051993e-03
   1.2140000e+01   2.3610194e-03   3.2550353e-03
   1.2150000e+01   2.3670894e-03   3.2049447e-03
   1.2160000e+01   2.3727984e-03   3.1549334e-03
   1.2170000e+01   2.3781492e-03   3.1050068e-03
   1.2180000e+01   2.3831445e-03   3.0551706e-03
   1.2190000e+01   2.3877873e-03   3.0054303e-03
   1.2200000e+01   2.3920803e-03   2.9557911e-03
   1.2210000e+01   2.3960264e-03   2.9062585e-03
   1.2220000e+01   2.3996286e-03   2.8568378e-03
   1.2230000e+01   2.4028895e-03   2.8075341e-03
   1.2240000e+01   2.4058123e-03   2.7583527e-03
   1.2250000e+01   2.4083998e-03   2.7092985e-03
   1.2260000e+01   2.4106549e-03   2.6603766e-03
   1.2270000e+01   2.4125807e-03   2.6115920e-03
   1.2280000e+01   2.4141799e-03   2.5629496e-03
   1.2290000e+01   2.4154557e-03   2.5144541e-03
   1.2300000e+01   2.4164111e-03   2.4661103e-03
   1.2310000e+01   2.4170489e-03   2.4179230e-03
   1.2320000e+01   2.4173723e-03   2.3698966e-03
   1.2330000e+01   2.4173842e-03   2.3220359e-03
   1.2340000e+01   2.4170877e-03   2.2743452e-03
   1.2350000e+01   2.4164859e-03   2.2268290e-03
   1.2360000e+01   2.4155817e-03   2.1794917e-03
   1.2370000e+01   2.4143783e-03   2.1323375e-03
   1.2380000e+01   2.4128786e-03   2.0853707e-03
   1.2390000e+01   2.4110859e-03   2.0385955e-03
   1.2400000e+01   2.4090031e-03   1.9920159e-03
   1.2410000e+01   2.4066334e-03   1.9456360e-03
   1.2420000e+01   2.4039798e-03   1.8994597e-03
   1.2430000e+01   2.4010455e-03   1.8534910e-03
   1.2440000e+01   2.3978336e-03   1.8077337e-03
   1.2450000e+01   2.3943471e-03   1.7621916e-03
   1.2460000e+01   2.3905893e-03   1.7168683e-03
   1.2470000e+01   2.3865631e-03   1.6717676e-03
   1.2480000e+01   2.3822719e-03   1.6268930e-03
   1.2490000e+01   2.3777186e-03   1.5822481e-03
   1.2500000e+01   2.3729064e-03   1.5378362e-03
   1.2510000e+01   2.3678384e-03   1.4936609e-03
   1.2520000e+01   2.3625179e-03   1.4497253e-03
   1.2530000e+01   2.3569479e-03   1.4060329e-03
   1.2540000e+01   2.3511315e-03   1.3625867e-03
   1.2550000e+01   2.3450720e-03   1.3193900e-03
   1.2560000e+01   2.3387724e-03   1.2764458e-03
   1.2570000e+01   2.3322359e-03   1.2337571e-03
   1.2580000e+01   2.3254656e-03   1.1913269e-03
   1.2590000e+01   2.3184647e-03   1.1491581e-03
   1.2600000e+01   2.3112363e-03   1.1072535e-03
   1.2610000e+01   2.3037836e-03   1.0656158e-03
   1.2620000e+01   2.2961096e-03   1.0242479e-03
   1.2630000e+01   2.2882176e-03   9.8315228e-04
   1.2640000e+01   2.2801106e-03   9.4233160e-04
   1.2650000e+01   2.2717918e-03   9.0178838e-04
   1.2660000e+01   2.2632643e-03   8.6152508e-04
   1.2670000e+01   2.2545313e-03   8.2154412e-04
   1.2680000e+01   2.2455957e-03   7.8184783e-04
   1.2690000e+01   2.2364609e-03   7.4243852e-04
   1.2700000e+01   2.2271297e-03   7.0331840e-04
   1.2710000e+01   2.2176055e-03   6.6448966e-04
   1.2720000e+01   2.2078912e-03   6.2595440e-04
   1.2730000e+01   2.1979899e-03   5.8771468e-04
   1.2740000e+01   2.1879048e-03   5.4977251e-04
   1.2750000e+01   2.1776389e-03   5.1212981e-04
   1.2760000e+01   2.1671952e-03   4.7478848e-04
   1.2770000e+01   2.1565769e-03   4.3775034e-04
   1.2780000e+01   2.1457870e-03   4.0101716e-04
   1.2790000e+01   2.1348285e-03   3.6459065e-04
   1.2800000e+01   2.1237046e-03   3.2847248e-04
   1.2810000e+01   2.1124181e-03   2.9266424e-04
   1.2820000e+01   2.1009722e-03   2.5716749e-04
   1.2830000e+01   2.0893698e-03   2.2198371e-04
   1.2840000e+01   2.0776140e-03   1.8711435e-04
   1.2850000e+01   2.0657077e-03   1.5256079e-04
   1.2860000e+01   2.0536539e-03   1.1832436e-04
   1.2870000e+01   2.0414557e-03   8.4406332e-05
   1.2880000e+01   2.0291159e-03   5.0807937e-05
   1.2890000e+01   2.0166376e-03   1.7530345e-05
   1.2900000e+01   2.0040236e-03  -1.5425326e-05
   1.2910000e+01   1.9912769e-03  -4.8058008e-05
   1.2920000e+01   1.9784004e-03  -8.0366686e-05
   1.2930000e+01   1.9653970e-03  -1.1235040e-04
   1.2940000e+01   1.9522696e-03  -1.4400822e-04
   1.2950000e+01   1.9390212e-03  -1.7533931e-04
   1.2960000e+01   1.9256545e-03  -2.0634283e-04
   1.2970000e+01   1.9121724e-03  -2.3701803e-04
   1.2980000e+01   1.8985777e-03  -2.6736420e-04
   1.2990000e+01   1.8848734e-03  -2.9738067e-04
   1.3000000e+01   1.8710622e-03  -3.2706682e-04
   1.3010000e+01   1.8571469e-03  -3.5642209e-04
   1.3020000e+01   1.8431303e-03  -3.8544595e-04
   1.3030000e+01   1.8290151e-03  -4.1413793e-04
   1.3040000e+01   1.8148042e-03  -4.4249761e-04
   1.3050000e+01   1.8005003e-03  -4.7052460e-04
   1.3060000e+01   1.7861061e-03  -4.9821857e-04
   1.3070000e+01   1.7716243e-03  -5.2557923e-04
   1.3080000e+01   1.7570576e-03  -5.5260635e-04
   1.3090000e+01   1.7424088e-03  -5.7929972e-04
   1.3100000e+01   1.7276804e-03  -6.0565919e-04
   1.3110000e+01   1.7128752e-03  -6.3168464e-04
   1.3120000e+01   1.6979957e-03  -6.5737603e-04
   1.3130000e+01   1.6830446e-03  -6.8273331e-04
   1.3140000e+01   1.6680245e-03  -7.0775652e-04
   1.3150000e+01   1.6529380e-03  -7.3244571e-04
   1.3160000e+01   1.6377876e-03  -7.5680100e-04
   1.3170000e+01   1.6225760e-03  -7.8082252e-04
   1.3180000e+01   1.6073056e-03  -8.0451046e-04
   1.3190000e+01   1.5919789e-03  -8.2786506e-04
   1.3200000e+01   1.5765985e-03  -8.5088658e-04
   1.3210000e+01   1.5611669e-03  -8.7357534e-04
   1.3220000e+01   1.5456865e-03  -8.9593167e-04
   1.3230000e+01   1.5301597e-03  -9.1795596e-04
   1.3240000e+01   1.5145891e-03  -9.3964865e-04
   1.3250000e+01   1.4989769e-03  -9.6101019e-04
   1.3260000e+01   1.4833257e-03  -9.8204108e-04
   1.3270000e+01   1.4676378e-03  -1.0027419e-03
   1.3280000e+01   1.4519155e-03  -1.0231131e-03
   1.3290000e+01   1.4361611e-03  -1.0431555e-03
   1.3300000e+01   1.4203771e-03  -1.0628695e-03
   1.3310000e+01   1.4045657e-03  -1.0822560e-03
   1.3320000e+01   1.3887292e-03  -1.1013157e-03
   1.3330000e+01   1.3728698e-03  -1.1200492e-03
   1.3340000e+01   1.3569899e-03  -1.1384573e-03
   1.3350000e+01   1.3410915e-03  -1.1565410e-03
   1.3360000e+01   1.3251770e-03  -1.1743010e-03
   1.3370000e+01   1.3092485e-03  -1.1917383e-03
   1.3380000e+01   1.2933082e-03  -1.2088537e-03
   1.3390000e+01   1.2773582e-03  -1.2256482e-03
   1.3400000e+01   1.2614007e-03  -1.2421228e-03
   1.3410000e+01   1.2454378e-03  -1.2582785e-03
   1.3420000e+01   1.2294715e-03  -1.2741164e-03
   1.3430000e+01   1.2135040e-03  -1.2896375e-03
   1.3440000e+01   1.1975372e-03  -1.3048429e-03
   1.3450000e+01   1.1815732e-03  -1.3197339e-03
   1.3460000e+01   1.1656141e-03  -1.3343114e-03
   1.3470000e+01   1.1496617e-03  -1.3485768e-03
   1.3480000e+01   1.1337181e-03  -1.3625312e-03
   1.3490000e+01   1.1177853e-03  -1.3761759e-03
   1.3500000e+01   1.1018650e-03  -1.3895123e-03
   1.3510000e+01   1.0859594e-03  -1.4025414e-03
   1.3520000e+01   1.0700702e-03  -1.4152648e-03
   1.3530000e+01   1.0541992e-03  -1.4276838e-03
   1.3540000e+01   1.0383485e-03  -1.4397997e-03
   1.3550000e+01   1.0225197e-03  -1.4516140e-03
   1.3560000e+01   1.0067147e-03  -1.4631281e-03
   1.3570000e+01   9.9093526e-04  -1.4743434e-03
   1.3580000e+01   9.7518316e-04  -1.4852614e-03
   1.3590000e+01   9.5946012e-04  -1.4958836e-03
   1.3600000e+01   9.4376788e-04  -1.5062116e-03
   1.3610000e+01   9.2810814e-04  -1.5162469e-03
   1.3620000e+01   9.1248257e-04  -1.5259911e-03
   1.3630000e+01   8.9689284e-04  -1.5354458e-03
   1.3640000e+01   8.8134059e-04  -1.5446125e-03
   1.3650000e+01   8.6582743e-04  -1.5534929e-03
   1.3660000e+01   8.5035496e-04  -1.5620888e-03
   1.3670000e+01   8.3492475e-04  -1.5704016e-03
   1.3680000e+01   8.1953838e-04  -1.5784332e-03
   1.3690000e+01   8.0419736e-04  -1.5861853e-03
   1.3700000e+01   7.8890322e-04  -1.5936596e-03
   1.3710000e+01   7.7365744e-04  -1.6008578e-03
   1.3720000e+01   7.5846151e-04  -1.6077817e-03
   1.3730000e+01   7.4331687e-04  -1.6144331e-03
   1.3740000e+01   7.2822496e-04  -1.6208139e-03
   1.3750000e+01   7.1318718e-04  -1.6269258e-03
   1.3760000e+01   6.9820493e-04  -1.6327706e-03
   1.3770000e+01   6.8327958e-04  -1.6383503e-03
   1.3780000e+01   6.6841248e-04  -1.6436667e-03
   1.3790000e+01   6.5360495e-04  -1.6487217e-03
   1.3800000e+01   6.3885830e-04  -1.6535172e-03
   1.3810000e+01   6.2417383e-04  -1.6580551e-03
   1.3820000e+01   6.0955279e-04  -1.6623373e-03
   1.3830000e+01   5.9499644e-04  -1.6663658e-03
   1.3840000e+01   5.8050600e-04  -1.6701426e-03
   1.3850000e+01   5.6608268e-04  -1.6736695e-03
   1.3860000e+01   5.5172766e-04  -1.6769487e-03
   1.3870000e+01   5.3744211e-04  -1.6799820e-03
   1.3880000e+01   5.2322717e-04  -1.6827715e-03
   1.3890000e+01   5.0908397e-04  -1.6853193e-03
   1.3900000e+01   4.9501361e-04  -1.6876273e-03
   1.3910000e+01   4.8101719e-04  -1.6896976e-03
   1.3920000e+01   4.6709575e-04  -1.6915322e-03
   1.3930000e+01   4.5325036e-04  -1.6931333e-03
   1.3940000e+01   4.3948202e-04  -1.6945028e-03
   1.3950000e+01   4.2579176e-04  -1.6956428e-03
   1.3960000e+01   4.1218055e-04  -1.6965555e-03
   1.3970000e+01   3.9864936e-04  -1.6972430e-03
   1.3980000e+01   3.8519913e-04  -1.6977072e-03
   1.3990000e+01   3.7183080e-04  -1.6979505e-03
   1.4000000e+01   3.5854527e-04  -1.6979748e-03
   1.4010000e+01   3.4534343e-04  -1.6977824e-03
   1.4020000e+01   3.3222614e-04  -1.6973753e-03
   1.4030000e+01   3.1919426e-04  -1.6967557e-03
   1.4040000e+01   3.0624861e-04  -1.6959257e-03
   1.4050000e+01   2.9339001e-04  -1.6948875e-03
   1.4060000e+01   2.8061925e-04  -1.6936433e-03
   1.4070000e+01   2.6793710e-04  -1.6921952e-03
   1.4080000e+01   2.5534432e-04  -1.6905454e-03
   1.4090000e+01   2.4284163e-04  -1.6886961e-03
   1.4100000e+01   2.3042977e-04  -1.6866494e-03
   1.4110000e+01   2.1810942e-04  -1.6844076e-03
   1.4120000e+01   2.0588127e-04  -1.6819727e-03
   1.4130000e+01   1.9374597e-04  -1.6793471e-03
   1.4140000e+01   1.8170418e-04  -1.6765329e-03
   1.4150000e+01   1.6975651e-04  -1.6735323e-03
   1.4160000e+01   1.5790358e-04  -1.6703475e-03
   1.4170000e+01   1.4614596e-04  -1.6669806e-03
   1.4180000e+01   1.3448424e-04  -1.6634340e-03
   1.4190000e+01   1.2291897e-04  -1.6597098e-03
   1.4200000e+01   1.1145067e-04  -1.6558102e-03
   1.4210000e+01   1.0007988e-04  -1.6517374e-03
   1.4220000e+01   8.8807082e-05  -1.6474936e-03
   1.4230000e+01   7.7632768e-05  -1.6430810e-03
   1.4240000e+01   6.6557402e-05  -1.6385019e-03
   1.4250000e+01   5.5581434e-05  -1.6337584e-03
   1.4260000e+01   4.4705294e-05  -1.6288528e-03
   1.4270000e+01   3.3929397e-05  -1.6237872e-03
   1.4280000e+01   2.3254141e-05  -1.6185639e-03
   1.4290000e+01   1.2679906e-05  -1.6131851e-03
   1.4300000e+01   2.2070589e-06  -1.6076528e-03
   1.4310000e+01  -8.1640541e-06  -1.6019695e-03
   1.4320000e+01  -1.8433101e-05  -1.5961372e-03
   1.4330000e+01  -2.8599766e-05  -1.5901582e-03
   1.4340000e+01  -3.8663750e-05  -1.5840346e-03
   1.4350000e+01  -4.8624769e-05  -1.5777686e-03
   1.4360000e+01  -5.8482558e-05  -1.5713625e-03
   1.4370000e+01  -6.8236862e-05  -1.5648183e-03
   1.4380000e+01  -7.7887448e-05  -1.5581384e-03
   1.4390000e+01  -8.7434094e-05  -1.5513247e-03
   1.4400000e+01  -9.6876595e-05  -1.5443797e-03
   1.4410000e+01  -1.0621476e-04  -1.5373053e-03
   1.4420000e+01  -1.1544842e-04  -1.5301037e-03
   1.4430000e+01  -1.2457741e-04  -1.5227772e-03
   1.4440000e+01  -1.3360158e-04  -1.5153278e-03
   1.4450000e+01  -1.4252082e-04  -1.5077578e-03
   1.4460000e+01  -1.5133499e-04  -1.5000691e-03
   1.4470000e+01  -1.6004400e-04  -1.4922641e-03
   1.4480000e+01  -1.6864777e-04  -1.4843448e-03
   1.4490000e+01  -1.7714622e-04  -1.4763133e-03
   1.4500000e+01  -1.8553930e-04  -1.4681718e-03
   1.4510000e+01  -1.9382695e-04  -1.4599224e-03
   1.4520000e+01  -2.0200916e-04  -1.4515671e-03
   1.4530000e+01  -2.1008590e-04  -1.4431080e-03
   1.4540000e+01  -2.1805717e-04  -1.4345474e-03
   1.4550000e+01  -2.2592299e-04  -1.4258871e-03
   1.4560000e+01  -2.3368337e-04  -1.4171294e-03
   1.4570000e+01  -2.4133835e-04  -1.4082763e-03
   1.4580000e+01  -2.4888799e-04  -1.3993298e-03
   1.4590000e+01  -2.5633234e-04  -1.3902919e-03
   1.4600000e+01  -2.6367149e-04  -1.3811649e-03
   1.4610000e+01  -2.7090552e-04  -1.3719505e-03
   1.4620000e+01  -2.7803454e-04  -1.3626510e-03
   1.4630000e+01  -2.8505865e-04  -1.3532682e-03
   1.4640000e+01  -2.9197798e-04  -1.3438043e-03
   1.4650000e+01  -2.9879268e-04  -1.3342612e-03
   1.4660000e+01  -3.0550289e-04  -1.3246408e-03
   1.4670000e+01  -3.1210877e-04  -1.3149453e-03
   1.4680000e+01  -3.1861050e-04  -1.3051765e-03
   1.4690000e+01  -3.2500826e-04  -1.2953364e-03
   1.4700000e+01  -3.3130225e-04  -1.2854269e-03
   1.4710000e+01  -3.3749269e-04  -1.2754501e-03
   1.4720000e+01  -3.4357977e-04  -1.2654077e-03
   1.4730000e+01  -3.4956375e-04  -1.2553018e-03
   1.4740000e+01  -3.5544485e-04  -1.2451343e-03
   1.4750000e+01  -3.6122334e-04  -1.2349070e-03
   1.4760000e+01  -3.6689947e-04  -1.2246218e-03
   1.4770000e+01  -3.7247351e-04  -1.2142806e-03
   1.4780000e+01  -3.7794576e-04  -1.2038853e-03
   1.4790000e+01  -3.8331650e-04  -1.1934377e-03
   1.4800000e+01  -3.8858603e-04  -1.1829397e-03
   1.4810000e+01  -3.9375468e-04  -1.1723931e-03
   1.4820000e+01  -3.9882277e-04  -1.1617997e-03
   1.4830000e+01  -4.0379062e-04  -1.1511614e-03
   1.4840000e+01  -4.0865858e-04  -1.1404798e-03
   1.4850000e+01  -4.1342701e-04  -1.1297569e-03
   1.4860000e+01  -4.1809626e-04  -1.1189943e-03
   1.4870000e+01  -4.2266670e-04  -1.1081938e-03
   1.4880000e+01  -4.2713873e-04  -1.0973572e-03
   1.4890000e+01  -4.3151271e-04  -1.0864862e-03
   1.4900000e+01  -4.3578906e-04  -1.0755826e-03
   1.4910000e+01  -4.3996817e-04  -1.0646480e-03
   1.4920000e+01  -4.4405046e-04  -1.0536841e-03
   1.4930000e+01  -4.4803635e-04  -1.0426927e-03
   1.4940000e+01  -4.5192628e-04  -1.0316753e-03
   1.4950000e+01  -4.5572068e-04  -1.0206337e-03
   1.4960000e+01  -4.5942000e-04  -1.0095695e-03
   1.4970000e+01  -4.6302470e-04  -9.9848427e-04
   1.4980000e+01  -4.6653522e-04  -9.8737971e-04
   1.4990000e+01  -4.6995206e-04  -9.7625740e-04
   1.5000000e+01  -4.7327567e-04  -9.6511892e-04
