PARSFILE
#FullDataName Road: Off-Center Elevation Map, S-L Grid`2D-Spline: Small Hills - Long`DS Off-Road Course
OPT_ROAD 1

#RingCtrl0 2D_SPLINE
*3D_XLabel Lateral coordinate (m)
*3D_YLabel Station (m)
*3D_ZLabel Incremental elevation (m)

#DiagramTwo0
*3D_DATA 13, 133 ! columns x rows
ROAD_DZ_CARPET 2D_SPLINE
0, -15, -10, -5, -1.5, -0.9, -0.4, 0, 0.4, 0.9, 1.5, 5, 10, 15
175, 0, 0, 0, 0, 0, 0, 0, 0, 0, 0, 0, 0, 0
185, 0, 0, 0, 0, 0, 0, 0, 0, 0, 0, 0, 0, 0
205, 0, 0, 0.368, 0.029, -0.0085, 0.029, 0.0165, 0.029, -0.0085, 0.029, 0.16025, 0, 0
210, 0, 0, -0.15775, -0.038, -0.0755, -0.038, -0.0005, 0.012, -0.0255, 0.012, 0.242, 0, 0
215, 0, 0, 0.373, -0.04975, -0.08725, -0.04975, -0.18725, -0.17475, -0.21225, -0.17475, 0.044, 0, 0
220, 0, 0, 0.01625, -0.093, -0.1305, -0.093, -0.0555, -0.043, -0.0805, -0.043, 0.093, 0, 0
225, 0, 0, -0.2985, -0.455, -0.4925, -0.455, -0.4675, -0.455, -0.4925, -0.455, 0.12075, 0, 0
230, 0, 0, -0.487, -0.2295, -0.267, -0.2295, -0.242, -0.2295, -0.267, -0.2295, 0.39075, 0, 0
235, 0, 0, -0.24775, -0.437, -0.4745, -0.437, -0.3995, -0.387, -0.4245, -0.387, 0.2865, 0, 0
240, 0, 0, -0.3405, -0.21025, -0.24775, -0.21025, -0.34775, -0.33525, -0.37275, -0.33525, 0.3905, 0, 0
245, 0, 0, -0.3175, -0.112, -0.1495, -0.112, -0.0745, -0.062, -0.0995, -0.062, -0.001, 0, 0
250, 0, 0, -0.264, -0.32025, -0.35775, -0.32025, -0.45775, -0.44525, -0.48275, -0.44525, -0.76075, 0, 0
255, 0, 0, 0.018, -0.58025, -0.61775, -0.58025, -0.54275, -0.53025, -0.56775, -0.53025, -0.601, 0, 0
260, 0, 0, 0.007, 0.67125, 0.63375, 0.67125, 0.53375, 0.54625, 0.50875, 0.54625, -0.12025, 0, 0
265, 0, 0, -0.10725, 0.50675, 0.46925, 0.50675, 0.54425, 0.55675, 0.51925, 0.55675, 0.2445, 0, 0
270, 0, 0, -0.32625, 0.4285, 0.391, 0.4285, 0.291, 0.3035, 0.266, 0.3035, 0.5675, 0, 0
275, 0, 0, -0.18925, 0.19375, 0.15625, 0.19375, 0.18125, 0.19375, 0.15625, 0.19375, 0.77575, 0, 0
280, 0, 0, -0.03975, 0.55175, 0.51425, 0.55175, 0.41425, 0.42675, 0.38925, 0.42675, 0.4705, 0, 0
285, 0, 0, 0.2615, 0.4725, 0.435, 0.4725, 0.46, 0.4725, 0.435, 0.4725, 0.4895, 0, 0
290, 0, 0, 0.25375, 0.647, 0.6095, 0.647, 0.5095, 0.522, 0.4845, 0.522, 0.4255, 0, 0
295, 0, 0, -0.1455, 0.19575, 0.15825, 0.19575, 0.18325, 0.19575, 0.15825, 0.19575, 0.34925, 0, 0
300, 0, 0, -0.175, -0.27375, -0.31125, -0.27375, -0.28625, -0.27375, -0.31125, -0.27375, -0.10625, 0, 0
305, 0, 0, -0.319, -0.11325, -0.15075, -0.11325, -0.07575, -0.06325, -0.10075, -0.06325, 0.098, 0, 0
310, 0, 0, -0.319, -0.11325, -0.15075, -0.11325, -0.07575, -0.06325, -0.10075, -0.06325, 0.098, 0, 0
315, 0, 0, -0.175, -0.27375, -0.31125, -0.27375, -0.28625, -0.27375, -0.31125, -0.27375, -0.10625, 0, 0
320, 0, 0, -0.1455, 0.19575, 0.15825, 0.19575, 0.18325, 0.19575, 0.15825, 0.19575, 0.34925, 0, 0
325, 0, 0, 0.25375, 0.647, 0.6095, 0.647, 0.5095, 0.522, 0.4845, 0.522, 0.4255, 0, 0
330, 0, 0, 0.2615, 0.4725, 0.435, 0.4725, 0.46, 0.4725, 0.435, 0.4725, 0.4895, 0, 0
335, 0, 0, -0.03975, 0.55175, 0.51425, 0.55175, 0.41425, 0.42675, 0.38925, 0.42675, 0.4705, 0, 0
340, 0, 0, -0.18925, 0.19375, 0.15625, 0.19375, 0.18125, 0.19375, 0.15625, 0.19375, 0.77575, 0, 0
345, 0, 0, -0.32625, 0.4285, 0.391, 0.4285, 0.291, 0.3035, 0.266, 0.3035, 0.5675, 0, 0
350, 0, 0, -0.10725, 0.50675, 0.46925, 0.50675, 0.54425, 0.55675, 0.51925, 0.55675, 0.2445, 0, 0
355, 0, 0, 0.007, 0.67125, 0.63375, 0.67125, 0.53375, 0.54625, 0.50875, 0.54625, -0.12025, 0, 0
360, 0, 0, 0.018, -0.58025, -0.61775, -0.58025, -0.54275, -0.53025, -0.56775, -0.53025, -0.601, 0, 0
365, 0, 0, -0.264, -0.32025, -0.35775, -0.32025, -0.45775, -0.44525, -0.48275, -0.44525, -0.76075, 0, 0
370, 0, 0, -0.3175, -0.112, -0.1495, -0.112, -0.0745, -0.062, -0.0995, -0.062, -0.001, 0, 0
375, 0, 0, -0.3405, -0.21025, -0.24775, -0.21025, -0.34775, -0.33525, -0.37275, -0.33525, 0.3905, 0, 0
380, 0, 0, -0.24775, -0.437, -0.4745, -0.437, -0.3995, -0.387, -0.4245, -0.387, 0.2865, 0, 0
385, 0, 0, -0.487, -0.2295, -0.267, -0.2295, -0.242, -0.2295, -0.267, -0.2295, 0.39075, 0, 0
390, 0, 0, -0.2985, -0.455, -0.4925, -0.455, -0.4675, -0.455, -0.4925, -0.455, 0.12075, 0, 0
395, 0, 0, 0.01625, -0.093, -0.1305, -0.093, -0.0555, -0.043, -0.0805, -0.043, 0.093, 0, 0
400, 0, 0, 0.373, -0.04975, -0.08725, -0.04975, -0.18725, -0.17475, -0.21225, -0.17475, 0.044, 0, 0
405, 0, 0, -0.15775, -0.038, -0.0755, -0.038, -0.0005, 0.012, -0.0255, 0.012, 0.242, 0, 0
410, 0, 0, 0.368, 0.029, -0.0085, 0.029, 0.0165, 0.029, -0.0085, 0.029, 0.16025, 0, 0
415, 0, 0, 0.368, 0.029, -0.0085, 0.029, 0.0165, 0.029, -0.0085, 0.029, 0.16025, 0, 0
420, 0, 0, -0.15775, -0.038, -0.0755, -0.038, -0.0005, 0.012, -0.0255, 0.012, 0.242, 0, 0
425, 0, 0, 0.373, -0.04975, -0.08725, -0.04975, -0.18725, -0.17475, -0.21225, -0.17475, 0.044, 0, 0
430, 0, 0, 0.01625, -0.093, -0.1305, -0.093, -0.0555, -0.043, -0.0805, -0.043, 0.093, 0, 0
435, 0, 0, -0.2985, -0.455, -0.4925, -0.455, -0.4675, -0.455, -0.4925, -0.455, 0.12075, 0, 0
440, 0, 0, -0.487, -0.2295, -0.267, -0.2295, -0.242, -0.2295, -0.267, -0.2295, 0.39075, 0, 0
445, 0, 0, -0.24775, -0.437, -0.4745, -0.437, -0.3995, -0.387, -0.4245, -0.387, 0.2865, 0, 0
450, 0, 0, -0.3405, -0.21025, -0.24775, -0.21025, -0.34775, -0.33525, -0.37275, -0.33525, 0.3905, 0, 0
455, 0, 0, -0.3175, -0.112, -0.1495, -0.112, -0.0745, -0.062, -0.0995, -0.062, -0.001, 0, 0
460, 0, 0, -0.264, -0.32025, -0.35775, -0.32025, -0.45775, -0.44525, -0.48275, -0.44525, -0.76075, 0, 0
465, 0, 0, 0.018, -0.58025, -0.61775, -0.58025, -0.54275, -0.53025, -0.56775, -0.53025, -0.601, 0, 0
470, 0, 0, 0.007, 0.67125, 0.63375, 0.67125, 0.53375, 0.54625, 0.50875, 0.54625, -0.12025, 0, 0
475, 0, 0, -0.10725, 0.50675, 0.46925, 0.50675, 0.54425, 0.55675, 0.51925, 0.55675, 0.2445, 0, 0
480, 0, 0, -0.32625, 0.4285, 0.391, 0.4285, 0.291, 0.3035, 0.266, 0.3035, 0.5675, 0, 0
485, 0, 0, -0.18925, 0.19375, 0.15625, 0.19375, 0.18125, 0.19375, 0.15625, 0.19375, 0.77575, 0, 0
490, 0, 0, -0.03975, 0.55175, 0.51425, 0.55175, 0.41425, 0.42675, 0.38925, 0.42675, 0.4705, 0, 0
495, 0, 0, 0.2615, 0.4725, 0.435, 0.4725, 0.46, 0.4725, 0.435, 0.4725, 0.4895, 0, 0
500, 0, 0, 0.25375, 0.647, 0.6095, 0.647, 0.5095, 0.522, 0.4845, 0.522, 0.4255, 0, 0
505, 0, 0, -0.1455, 0.19575, 0.15825, 0.19575, 0.18325, 0.19575, 0.15825, 0.19575, 0.34925, 0, 0
510, 0, 0, -0.175, -0.27375, -0.31125, -0.27375, -0.28625, -0.27375, -0.31125, -0.27375, -0.10625, 0, 0
515, 0, 0, -0.319, -0.11325, -0.15075, -0.11325, -0.07575, -0.06325, -0.10075, -0.06325, 0.098, 0, 0
520, 0, 0, -0.319, -0.11325, -0.15075, -0.11325, -0.07575, -0.06325, -0.10075, -0.06325, 0.098, 0, 0
525, 0, 0, -0.175, -0.27375, -0.31125, -0.27375, -0.28625, -0.27375, -0.31125, -0.27375, -0.10625, 0, 0
530, 0, 0, -0.1455, 0.19575, 0.15825, 0.19575, 0.18325, 0.19575, 0.15825, 0.19575, 0.34925, 0, 0
535, 0, 0, 0.25375, 0.647, 0.6095, 0.647, 0.5095, 0.522, 0.4845, 0.522, 0.4255, 0, 0
540, 0, 0, 0.2615, 0.4725, 0.435, 0.4725, 0.46, 0.4725, 0.435, 0.4725, 0.4895, 0, 0
545, 0, 0, -0.03975, 0.55175, 0.51425, 0.55175, 0.41425, 0.42675, 0.38925, 0.42675, 0.4705, 0, 0
550, 0, 0, -0.18925, 0.19375, 0.15625, 0.19375, 0.18125, 0.19375, 0.15625, 0.19375, 0.77575, 0, 0
555, 0, 0, -0.32625, 0.4285, 0.391, 0.4285, 0.291, 0.3035, 0.266, 0.3035, 0.5675, 0, 0
560, 0, 0, -0.10725, 0.50675, 0.46925, 0.50675, 0.54425, 0.55675, 0.51925, 0.55675, 0.2445, 0, 0
565, 0, 0, 0.007, 0.67125, 0.63375, 0.67125, 0.53375, 0.54625, 0.50875, 0.54625, -0.12025, 0, 0
570, 0, 0, 0.018, -0.58025, -0.61775, -0.58025, -0.54275, -0.53025, -0.56775, -0.53025, -0.601, 0, 0
575, 0, 0, -0.264, -0.32025, -0.35775, -0.32025, -0.45775, -0.44525, -0.48275, -0.44525, -0.76075, 0, 0
580, 0, 0, -0.3175, -0.112, -0.1495, -0.112, -0.0745, -0.062, -0.0995, -0.062, -0.001, 0, 0
585, 0, 0, -0.3405, -0.21025, -0.24775, -0.21025, -0.34775, -0.33525, -0.37275, -0.33525, 0.3905, 0, 0
590, 0, 0, -0.24775, -0.437, -0.4745, -0.437, -0.3995, -0.387, -0.4245, -0.387, 0.2865, 0, 0
595, 0, 0, -0.487, -0.2295, -0.267, -0.2295, -0.242, -0.2295, -0.267, -0.2295, 0.39075, 0, 0
600, 0, 0, -0.2985, -0.455, -0.4925, -0.455, -0.4675, -0.455, -0.4925, -0.455, 0.12075, 0, 0
605, 0, 0, 0.01625, -0.093, -0.1305, -0.093, -0.0555, -0.043, -0.0805, -0.043, 0.093, 0, 0
610, 0, 0, 0.373, -0.04975, -0.08725, -0.04975, -0.18725, -0.17475, -0.21225, -0.17475, 0.044, 0, 0
615, 0, 0, -0.15775, -0.038, -0.0755, -0.038, -0.0005, 0.012, -0.0255, 0.012, 0.242, 0, 0
620, 0, 0, 0.368, 0.029, -0.0085, 0.029, 0.0165, 0.029, -0.0085, 0.029, 0.16025, 0, 0
625, 0, 0, 0.368, 0.029, -0.0085, 0.029, 0.0165, 0.029, -0.0085, 0.029, 0.16025, 0, 0
630, 0, 0, -0.15775, -0.038, -0.0755, -0.038, -0.0005, 0.012, -0.0255, 0.012, 0.242, 0, 0
635, 0, 0, 0.373, -0.04975, -0.08725, -0.04975, -0.18725, -0.17475, -0.21225, -0.17475, 0.044, 0, 0
640, 0, 0, 0.01625, -0.093, -0.1305, -0.093, -0.0555, -0.043, -0.0805, -0.043, 0.093, 0, 0
645, 0, 0, -0.2985, -0.455, -0.4925, -0.455, -0.4675, -0.455, -0.4925, -0.455, 0.12075, 0, 0
650, 0, 0, -0.487, -0.2295, -0.267, -0.2295, -0.242, -0.2295, -0.267, -0.2295, 0.39075, 0, 0
655, 0, 0, -0.24775, -0.437, -0.4745, -0.437, -0.3995, -0.387, -0.4245, -0.387, 0.2865, 0, 0
660, 0, 0, -0.3405, -0.21025, -0.24775, -0.21025, -0.34775, -0.33525, -0.37275, -0.33525, 0.3905, 0, 0
665, 0, 0, -0.3175, -0.112, -0.1495, -0.112, -0.0745, -0.062, -0.0995, -0.062, -0.001, 0, 0
670, 0, 0, -0.264, -0.32025, -0.35775, -0.32025, -0.45775, -0.44525, -0.48275, -0.44525, -0.76075, 0, 0
675, 0, 0, 0.018, -0.58025, -0.61775, -0.58025, -0.54275, -0.53025, -0.56775, -0.53025, -0.601, 0, 0
680, 0, 0, 0.007, 0.67125, 0.63375, 0.67125, 0.53375, 0.54625, 0.50875, 0.54625, -0.12025, 0, 0
685, 0, 0, -0.10725, 0.50675, 0.46925, 0.50675, 0.54425, 0.55675, 0.51925, 0.55675, 0.2445, 0, 0
690, 0, 0, -0.32625, 0.4285, 0.391, 0.4285, 0.291, 0.3035, 0.266, 0.3035, 0.5675, 0, 0
695, 0, 0, -0.18925, 0.19375, 0.15625, 0.19375, 0.18125, 0.19375, 0.15625, 0.19375, 0.77575, 0, 0
700, 0, 0, -0.03975, 0.55175, 0.51425, 0.55175, 0.41425, 0.42675, 0.38925, 0.42675, 0.4705, 0, 0
705, 0, 0, 0.2615, 0.4725, 0.435, 0.4725, 0.46, 0.4725, 0.435, 0.4725, 0.4895, 0, 0
710, 0, 0, 0.25375, 0.647, 0.6095, 0.647, 0.5095, 0.522, 0.4845, 0.522, 0.4255, 0, 0
715, 0, 0, -0.1455, 0.19575, 0.15825, 0.19575, 0.18325, 0.19575, 0.15825, 0.19575, 0.34925, 0, 0
720, 0, 0, -0.175, -0.27375, -0.31125, -0.27375, -0.28625, -0.27375, -0.31125, -0.27375, -0.10625, 0, 0
725, 0, 0, -0.319, -0.11325, -0.15075, -0.11325, -0.07575, -0.06325, -0.10075, -0.06325, 0.098, 0, 0
730, 0, 0, -0.319, -0.11325, -0.15075, -0.11325, -0.07575, -0.06325, -0.10075, -0.06325, 0.098, 0, 0
735, 0, 0, -0.175, -0.27375, -0.31125, -0.27375, -0.28625, -0.27375, -0.31125, -0.27375, -0.10625, 0, 0
740, 0, 0, -0.1455, 0.19575, 0.15825, 0.19575, 0.18325, 0.19575, 0.15825, 0.19575, 0.34925, 0, 0
745, 0, 0, 0.25375, 0.647, 0.6095, 0.647, 0.5095, 0.522, 0.4845, 0.522, 0.4255, 0, 0
750, 0, 0, 0.2615, 0.4725, 0.435, 0.4725, 0.46, 0.4725, 0.435, 0.4725, 0.4895, 0, 0
755, 0, 0, -0.03975, 0.55175, 0.51425, 0.55175, 0.41425, 0.42675, 0.38925, 0.42675, 0.4705, 0, 0
760, 0, 0, -0.18925, 0.19375, 0.15625, 0.19375, 0.18125, 0.19375, 0.15625, 0.19375, 0.77575, 0, 0
765, 0, 0, -0.32625, 0.4285, 0.391, 0.4285, 0.291, 0.3035, 0.266, 0.3035, 0.5675, 0, 0
770, 0, 0, -0.10725, 0.50675, 0.46925, 0.50675, 0.54425, 0.55675, 0.51925, 0.55675, 0.2445, 0, 0
775, 0, 0, 0.007, 0.67125, 0.63375, 0.67125, 0.53375, 0.54625, 0.50875, 0.54625, -0.12025, 0, 0
780, 0, 0, 0.018, -0.58025, -0.61775, -0.58025, -0.54275, -0.53025, -0.56775, -0.53025, -0.601, 0, 0
785, 0, 0, -0.264, -0.32025, -0.35775, -0.32025, -0.45775, -0.44525, -0.48275, -0.44525, -0.76075, 0, 0
790, 0, 0, -0.3175, -0.112, -0.1495, -0.112, -0.0745, -0.062, -0.0995, -0.062, -0.001, 0, 0
795, 0, 0, -0.3405, -0.21025, -0.24775, -0.21025, -0.34775, -0.33525, -0.37275, -0.33525, 0.3905, 0, 0
800, 0, 0, -0.24775, -0.437, -0.4745, -0.437, -0.3995, -0.387, -0.4245, -0.387, 0.2865, 0, 0
805, 0, 0, -0.487, -0.2295, -0.267, -0.2295, -0.242, -0.2295, -0.267, -0.2295, 0.39075, 0, 0
810, 0, 0, -0.2985, -0.455, -0.4925, -0.455, -0.4675, -0.455, -0.4925, -0.455, 0.12075, 0, 0
815, 0, 0, 0.01625, -0.093, -0.1305, -0.093, -0.0555, -0.043, -0.0805, -0.043, 0.093, 0, 0
820, 0, 0, 0.373, -0.04975, -0.08725, -0.04975, -0.18725, -0.17475, -0.21225, -0.17475, 0.044, 0, 0
825, 0, 0, -0.15775, -0.038, -0.0755, -0.038, -0.0005, 0.012, -0.0255, 0.012, 0.242, 0, 0
830, 0, 0, 0.368, 0.029, -0.0085, 0.029, 0.0165, 0.029, -0.0085, 0.029, 0.16025, 0, 0
835, 0, 0, 0.368, 0.029, -0.0085, 0.029, 0.0165, 0.029, -0.0085, 0.029, 0.16025, 0, 0
840, 0, 0, -0.15775, -0.038, -0.0755, -0.038, -0.0005, 0.012, -0.0255, 0.012, 0.242, 0, 0
845, 0, 0, 0.373, -0.04975, -0.08725, -0.04975, -0.18725, -0.17475, -0.21225, -0.17475, 0.044, 0, 0
850, 0, 0, 0, 0, 0, 0, 0, 0, 0, 0, 0, 0, 0
860, 0, 0, 0, 0, 0, 0, 0, 0, 0, 0, 0, 0, 0
ENDTABLE

#RadioCtrl0 0    
#RadioCtrl1 0    



LOG_ENTRY Used Dataset: Road: Off-Center Elevation Map, S-L Grid; { DS Off-Road Course } 2D-Spline: Small Hills - Long
#Library : Road: Off-Center Elevation Map, S-L Grid
#DataSet : 2D-Spline: Small Hills - Long
#Category: DS Off-Road Course
#FileID  : RdElMap101
#Product : CarSim 8.2.2, October 2013
#Last update: 02-11-2015 18:32
#VehCode dZ via S-L grid

END
