PARSFILE
#FullDataName Steering System: Kinematics for 2 Wheels (Rack & Pinion)`C-Class, Hatchback Wheel Kinematics`CS C-Class
#RingCtrl0 SPLINE
#RingCtrl1 SPLINE

iside 2
#DiagramOne0
RACK_KIN_TABLE SPLINE
-57.6, -41.65
-55.3, -39.52
-52.99, -37.45
-50.69, -35.42
-48.38, -33.44
-46.08, -31.5
-43.78, -29.61
-41.47, -27.76
-39.17, -25.94
-36.86, -24.17
-34.56, -22.43
-32.26, -20.73
-29.95, -19.07
-27.65, -17.44
-25.34, -15.84
-23.04, -14.27
-20.74, -12.73
-18.43, -11.21
-16.13, -9.73
-13.82, -8.27
-11.52, -6.84
-9.22, -5.43
-6.91, -4.04
-4.61, -2.67
-2.3, -1.33
0, 0
2.3, 1.31
4.61, 2.6
6.91, 3.88
9.22, 5.14
11.52, 6.38
13.82, 7.62
16.13, 8.84
18.43, 10.05
20.74, 11.26
23.04, 12.45
25.34, 13.64
27.65, 14.81
29.95, 15.99
32.26, 17.16
34.56, 18.33
36.86, 19.49
39.17, 20.66
41.47, 21.82
43.78, 22.99
46.08, 24.17
48.38, 25.34
50.69, 26.53
52.99, 27.73
55.3, 28.93
57.6, 30.15
ENDTABLE

iside 1
#DiagramOne1
RACK_KIN_TABLE SPLINE
-57.6, -30.15
-55.3, -28.93
-52.99, -27.73
-50.69, -26.53
-48.38, -25.34
-46.08, -24.17
-43.78, -22.99
-41.47, -21.82
-39.17, -20.66
-36.86, -19.49
-34.56, -18.33
-32.26, -17.16
-29.95, -15.99
-27.65, -14.81
-25.34, -13.64
-23.04, -12.45
-20.74, -11.26
-18.43, -10.05
-16.13, -8.84
-13.82, -7.62
-11.52, -6.38
-9.22, -5.14
-6.91, -3.88
-4.61, -2.6
-2.3, -1.31
0, 0
2.3, 1.33
4.61, 2.67
6.91, 4.04
9.22, 5.43
11.52, 6.84
13.82, 8.27
16.13, 9.73
18.43, 11.21
20.74, 12.73
23.04, 14.27
25.34, 15.84
27.65, 17.44
29.95, 19.07
32.26, 20.73
34.56, 22.43
36.86, 24.17
39.17, 25.94
41.47, 27.76
43.78, 29.61
46.08, 31.5
48.38, 33.44
50.69, 35.42
52.99, 37.45
55.3, 39.52
57.6, 41.65
ENDTABLE
#RadioCtrl0 0    
#RadioCtrl1 0    

*SCALAR 0.45
*SCALAR2 0.45


LOG_ENTRY Used Dataset: Steering System: Kinematics for 2 Wheels (Rack & Pinion); { CS C-Class } C-Class, Hatchback Wheel Kinematics
#Library : Steering System: Kinematics for 2 Wheels (Rack & Pinion)
#DataSet : C-Class, Hatchback Wheel Kinematics
#Category: CS C-Class
#FileID  : RkKinAx101
#Product : CarSim 8.2.2, October 2013
#Last update: 02-11-2015 18:37
#VehCode Steer kinematics

END
