PARSFILE
#FullDataName Road: Segment Builder`500 ft Radius Circle (Loop)`
SPATH 0
*NUM_ROWS 1
*TRANSX 0
*TRANSY 0
*TRANSZ 0

#MiscYellow0
# Left 360 deg 152.4 m 360 957.545287 957.557441 10.0 0.0 Rel 0.0 Rel 0.0 10 0.8 0.8
#ENDMYellow

#CheckBox0 1    
OPT_ROAD_LOOP 1
#CheckBox1 1    
#CheckBox2 1    
#CheckBox3 1    
#CheckBox4 0    
#CheckBox5 1    


#RingCtrl0 0
OPT_ROAD 1

#DiagramOne0
YIN_TABLE
0, 0, 0
2.65974674104, 0.023211258166, 2.6598480199
5.31868329746, 0.0928379622898, 5.31969603981
7.97599973142, 0.208858903403, 7.97954405971
10.6308865986, 0.371238740403, 10.6393920796
13.2825351947, 0.579928010818, 13.2992400995
15.930137802, 0.834863145875, 15.9590881194
18.5728879349, 1.13596648986, 18.6189361393
21.2099805863, 1.48314632378, 21.2787841592
23.8406124721, 1.8762968933, 23.9386321791
26.4639822764, 2.31529844094, 26.598480199
29.0792908954, 2.80001724258, 29.2583282189
31.6857416806, 3.33030564817, 31.9181762389
34.282540682, 3.90600212673, 34.5780242588
36.8688968894, 4.52693131554, 37.2378722787
39.4440224736, 5.19290407355, 39.8977202986
42.0071330265, 5.903717539, 42.5575683185
44.5574477997, 6.65915519123, 45.2174163384
47.0941899427, 7.45898691662, 47.8772643583
49.6165867393, 8.30296907866, 50.5371123782
52.1238698428, 9.19084459223, 53.1969603981
54.6152755107, 10.1223430018, 55.856808418
57.0900448366, 11.097180564, 58.5166564379
59.5474239818, 12.1150603338, 61.1765044578
61.9866644048, 13.1756722553, 63.8363524777
64.4070230893, 14.2786932556, 66.4962004976
66.8077627707, 15.423787344, 69.1560485175
69.1881521603, 16.6106057137, 71.8158965374
71.5474661686, 17.8387868483, 74.4757445573
73.8849861255, 19.107956632, 77.1355925772
76.2, 20.4177284633, 79.7954405971
78.4918026163, 21.767703373, 82.455288617
80.7596958691, 23.1574701458, 85.1151366369
83.0029889363, 24.5866054451, 87.7749846568
85.2209984889, 26.0546739426, 90.4348326767
87.4130488999, 27.5612284504, 93.0946806967
89.5784724494, 29.1058100573, 95.7545287166
91.7166095284, 30.6879482688, 98.4143767365
93.8268088396, 32.3071611503, 101.074224756
95.908427596, 33.962955474, 103.734072776
97.9608317162, 35.6548268687, 106.393920796
99.9833960182, 37.382259974, 109.053768816
101.975504409, 39.1447285972, 111.713616836
103.936550074, 40.9416958732, 114.373464856
105.865935658, 42.7726144284, 117.033312876
107.763073453, 44.6369265472, 119.693160896
109.627385572, 46.534064342, 122.353008916
111.458304127, 48.4634499265, 125.012856936
113.255271403, 50.4244955909, 127.672704955
115.017740026, 52.4166039818, 130.332552975
116.745173131, 54.4391682838, 132.992400995
118.437044526, 56.491572404, 135.652249015
120.09283885, 58.5731911604, 138.312097035
121.712051731, 60.6833904716, 140.971945055
123.294189943, 62.8215275506, 143.631793075
124.83877155, 64.9869511001, 146.291641095
126.345326057, 67.1790015111, 148.951489115
127.813394555, 69.3970110637, 151.611337135
129.242529854, 71.6403041309, 154.271185154
130.632296627, 73.9081973837, 156.931033174
131.982271537, 76.2, 159.590881194
133.292043368, 78.5150138745, 162.250729214
134.561213152, 80.8525338314, 164.910577234
135.789394286, 83.2118478397, 167.570425254
136.976212656, 85.5922372293, 170.230273274
138.121306744, 87.9929769107, 172.890121294
139.224327745, 90.4133355952, 175.549969314
140.284939666, 92.8525760182, 178.209817334
141.302819436, 95.3099551634, 180.869665353
142.277656998, 97.7847244893, 183.529513373
143.209155408, 100.276130157, 186.189361393
144.097030921, 102.783413261, 188.849209413
144.941013083, 105.305810057, 191.509057433
145.740844809, 107.8425522, 194.168905453
146.496282461, 110.392866973, 196.828753473
147.207095926, 112.955977526, 199.488601493
147.873068684, 115.531103111, 202.148449513
148.493997873, 118.117459318, 204.808297533
149.069694352, 120.714258319, 207.468145553
149.599982757, 123.320709105, 210.127993572
150.084701559, 125.936017724, 212.787841592
150.523703107, 128.559387528, 215.447689612
150.916853676, 131.190019414, 218.107537632
151.26403351, 133.827112065, 220.767385652
151.565136854, 136.469862198, 223.427233672
151.820071989, 139.117464805, 226.087081692
152.02876126, 141.769113401, 228.746929712
152.191141097, 144.424000269, 231.406777732
152.307162038, 147.081316703, 234.066625752
152.376788742, 149.740253259, 236.726473771
152.4, 152.4, 239.386321791
152.376788742, 155.059746741, 242.046169811
152.307162038, 157.718683297, 244.706017831
152.191141097, 160.375999731, 247.365865851
152.02876126, 163.030886599, 250.025713871
151.820071989, 165.682535195, 252.685561891
151.565136854, 168.330137802, 255.345409911
151.26403351, 170.972887935, 258.005257931
150.916853676, 173.609980586, 260.665105951
150.523703107, 176.240612472, 263.324953971
150.084701559, 178.863982276, 265.98480199
149.599982757, 181.479290895, 268.64465001
149.069694352, 184.085741681, 271.30449803
148.493997873, 186.682540682, 273.96434605
147.873068684, 189.268896889, 276.62419407
147.207095926, 191.844022474, 279.28404209
146.496282461, 194.407133027, 281.94389011
145.740844809, 196.9574478, 284.60373813
144.941013083, 199.494189943, 287.26358615
144.097030921, 202.016586739, 289.92343417
143.209155408, 204.523869843, 292.583282189
142.277656998, 207.015275511, 295.243130209
141.302819436, 209.490044837, 297.902978229
140.284939666, 211.947423982, 300.562826249
139.224327745, 214.386664405, 303.222674269
138.121306744, 216.807023089, 305.882522289
136.976212656, 219.207762771, 308.542370309
135.789394286, 221.58815216, 311.202218329
134.561213152, 223.947466169, 313.862066349
133.292043368, 226.284986126, 316.521914369
131.982271537, 228.6, 319.181762389
130.632296627, 230.891802616, 321.841610408
129.242529854, 233.159695869, 324.501458428
127.813394555, 235.402988936, 327.161306448
126.345326057, 237.620998489, 329.821154468
124.83877155, 239.8130489, 332.481002488
123.294189943, 241.978472449, 335.140850508
121.712051731, 244.116609528, 337.800698528
120.09283885, 246.22680884, 340.460546548
118.437044526, 248.308427596, 343.120394568
116.745173131, 250.360831716, 345.780242588
115.017740026, 252.383396018, 348.440090607
113.255271403, 254.375504409, 351.099938627
111.458304127, 256.336550074, 353.759786647
109.627385572, 258.265935658, 356.419634667
107.763073453, 260.163073453, 359.079482687
105.865935658, 262.027385572, 361.739330707
103.936550074, 263.858304127, 364.399178727
101.975504409, 265.655271403, 367.059026747
99.9833960182, 267.417740026, 369.718874767
97.9608317162, 269.145173131, 372.378722787
95.908427596, 270.837044526, 375.038570807
93.8268088396, 272.49283885, 377.698418826
91.7166095284, 274.112051731, 380.358266846
89.5784724494, 275.694189943, 383.018114866
87.4130488999, 277.23877155, 385.677962886
85.2209984889, 278.745326057, 388.337810906
83.0029889363, 280.213394555, 390.997658926
80.7596958691, 281.642529854, 393.657506946
78.4918026163, 283.032296627, 396.317354966
76.2, 284.382271537, 398.977202986
73.8849861255, 285.692043368, 401.637051006
71.5474661686, 286.961213152, 404.296899025
69.1881521603, 288.189394286, 406.956747045
66.8077627707, 289.376212656, 409.616595065
64.4070230893, 290.521306744, 412.276443085
61.9866644048, 291.624327745, 414.936291105
59.5474239818, 292.684939666, 417.596139125
57.0900448366, 293.702819436, 420.255987145
54.6152755107, 294.677656998, 422.915835165
52.1238698428, 295.609155408, 425.575683185
49.6165867393, 296.497030921, 428.235531205
47.0941899427, 297.341013083, 430.895379225
44.5574477997, 298.140844809, 433.555227244
42.0071330265, 298.896282461, 436.215075264
39.4440224736, 299.607095926, 438.874923284
36.8688968894, 300.273068684, 441.534771304
34.282540682, 300.893997873, 444.194619324
31.6857416806, 301.469694352, 446.854467344
29.0792908954, 301.999982757, 449.514315364
26.4639822764, 302.484701559, 452.174163384
23.8406124721, 302.923703107, 454.834011404
21.2099805863, 303.316853676, 457.493859424
18.5728879349, 303.66403351, 460.153707443
15.930137802, 303.965136854, 462.813555463
13.2825351947, 304.220071989, 465.473403483
10.6308865986, 304.42876126, 468.133251503
7.97599973142, 304.591141097, 470.793099523
5.31868329746, 304.707162038, 473.452947543
2.65974674104, 304.776788742, 476.112795563
6.76791955811e-14, 304.8, 478.772643583
-2.65974674104, 304.776788742, 481.432491603
-5.31868329746, 304.707162038, 484.092339623
-7.97599973142, 304.591141097, 486.752187643
-10.6308865986, 304.42876126, 489.412035662
-13.2825351947, 304.220071989, 492.071883682
-15.930137802, 303.965136854, 494.731731702
-18.5728879349, 303.66403351, 497.391579722
-21.2099805863, 303.316853676, 500.051427742
-23.8406124721, 302.923703107, 502.711275762
-26.4639822764, 302.484701559, 505.371123782
-29.0792908954, 301.999982757, 508.030971802
-31.6857416806, 301.469694352, 510.690819822
-34.282540682, 300.893997873, 513.350667842
-36.8688968894, 300.273068684, 516.010515861
-39.4440224736, 299.607095926, 518.670363881
-42.0071330265, 298.896282461, 521.330211901
-44.5574477997, 298.140844809, 523.990059921
-47.0941899427, 297.341013083, 526.649907941
-49.6165867393, 296.497030921, 529.309755961
-52.1238698428, 295.609155408, 531.969603981
-54.6152755107, 294.677656998, 534.629452001
-57.0900448366, 293.702819436, 537.289300021
-59.5474239818, 292.684939666, 539.949148041
-61.9866644048, 291.624327745, 542.60899606
-64.4070230893, 290.521306744, 545.26884408
-66.8077627707, 289.376212656, 547.9286921
-69.1881521603, 288.189394286, 550.58854012
-71.5474661686, 286.961213152, 553.24838814
-73.8849861255, 285.692043368, 555.90823616
-76.2, 284.382271537, 558.56808418
-78.4918026163, 283.032296627, 561.2279322
-80.7596958691, 281.642529854, 563.88778022
-83.0029889363, 280.213394555, 566.54762824
-85.2209984889, 278.745326057, 569.20747626
-87.4130488999, 277.23877155, 571.867324279
-89.5784724494, 275.694189943, 574.527172299
-91.7166095284, 274.112051731, 577.187020319
-93.8268088396, 272.49283885, 579.846868339
-95.908427596, 270.837044526, 582.506716359
-97.9608317162, 269.145173131, 585.166564379
-99.9833960182, 267.417740026, 587.826412399
-101.975504409, 265.655271403, 590.486260419
-103.936550074, 263.858304127, 593.146108439
-105.865935658, 262.027385572, 595.805956459
-107.763073453, 260.163073453, 598.465804478
-109.627385572, 258.265935658, 601.125652498
-111.458304127, 256.336550074, 603.785500518
-113.255271403, 254.375504409, 606.445348538
-115.017740026, 252.383396018, 609.105196558
-116.745173131, 250.360831716, 611.765044578
-118.437044526, 248.308427596, 614.424892598
-120.09283885, 246.22680884, 617.084740618
-121.712051731, 244.116609528, 619.744588638
-123.294189943, 241.978472449, 622.404436658
-124.83877155, 239.8130489, 625.064284678
-126.345326057, 237.620998489, 627.724132697
-127.813394555, 235.402988936, 630.383980717
-129.242529854, 233.159695869, 633.043828737
-130.632296627, 230.891802616, 635.703676757
-131.982271537, 228.6, 638.363524777
-133.292043368, 226.284986126, 641.023372797
-134.561213152, 223.947466169, 643.683220817
-135.789394286, 221.58815216, 646.343068837
-136.976212656, 219.207762771, 649.002916857
-138.121306744, 216.807023089, 651.662764877
-139.224327745, 214.386664405, 654.322612896
-140.284939666, 211.947423982, 656.982460916
-141.302819436, 209.490044837, 659.642308936
-142.277656998, 207.015275511, 662.302156956
-143.209155408, 204.523869843, 664.962004976
-144.097030921, 202.016586739, 667.621852996
-144.941013083, 199.494189943, 670.281701016
-145.740844809, 196.9574478, 672.941549036
-146.496282461, 194.407133027, 675.601397056
-147.207095926, 191.844022474, 678.261245076
-147.873068684, 189.268896889, 680.921093096
-148.493997873, 186.682540682, 683.580941115
-149.069694352, 184.085741681, 686.240789135
-149.599982757, 181.479290895, 688.900637155
-150.084701559, 178.863982276, 691.560485175
-150.523703107, 176.240612472, 694.220333195
-150.916853676, 173.609980586, 696.880181215
-151.26403351, 170.972887935, 699.540029235
-151.565136854, 168.330137802, 702.199877255
-151.820071989, 165.682535195, 704.859725275
-152.02876126, 163.030886599, 707.519573295
-152.191141097, 160.375999731, 710.179421314
-152.307162038, 157.718683297, 712.839269334
-152.376788742, 155.059746741, 715.499117354
-152.4, 152.4, 718.158965374
-152.376788742, 149.740253259, 720.818813394
-152.307162038, 147.081316703, 723.478661414
-152.191141097, 144.424000269, 726.138509434
-152.02876126, 141.769113401, 728.798357454
-151.820071989, 139.117464805, 731.458205474
-151.565136854, 136.469862198, 734.118053494
-151.26403351, 133.827112065, 736.777901514
-150.916853676, 131.190019414, 739.437749533
-150.523703107, 128.559387528, 742.097597553
-150.084701559, 125.936017724, 744.757445573
-149.599982757, 123.320709105, 747.417293593
-149.069694352, 120.714258319, 750.077141613
-148.493997873, 118.117459318, 752.736989633
-147.873068684, 115.531103111, 755.396837653
-147.207095926, 112.955977526, 758.056685673
-146.496282461, 110.392866973, 760.716533693
-145.740844809, 107.8425522, 763.376381713
-144.941013083, 105.305810057, 766.036229732
-144.097030921, 102.783413261, 768.696077752
-143.209155408, 100.276130157, 771.355925772
-142.277656998, 97.7847244893, 774.015773792
-141.302819436, 95.3099551634, 776.675621812
-140.284939666, 92.8525760182, 779.335469832
-139.224327745, 90.4133355952, 781.995317852
-138.121306744, 87.9929769107, 784.655165872
-136.976212656, 85.5922372293, 787.315013892
-135.789394286, 83.2118478397, 789.974861912
-134.561213152, 80.8525338314, 792.634709932
-133.292043368, 78.5150138745, 795.294557951
-131.982271537, 76.2, 797.954405971
-130.632296627, 73.9081973837, 800.614253991
-129.242529854, 71.6403041309, 803.274102011
-127.813394555, 69.3970110637, 805.933950031
-126.345326057, 67.1790015111, 808.593798051
-124.83877155, 64.9869511001, 811.253646071
-123.294189943, 62.8215275506, 813.913494091
-121.712051731, 60.6833904716, 816.573342111
-120.09283885, 58.5731911604, 819.233190131
-118.437044526, 56.491572404, 821.89303815
-116.745173131, 54.4391682838, 824.55288617
-115.017740026, 52.4166039818, 827.21273419
-113.255271403, 50.4244955909, 829.87258221
-111.458304127, 48.4634499265, 832.53243023
-109.627385572, 46.534064342, 835.19227825
-107.763073453, 44.6369265472, 837.85212627
-105.865935658, 42.7726144284, 840.51197429
-103.936550074, 40.9416958732, 843.17182231
-101.975504409, 39.1447285972, 845.83167033
-99.9833960182, 37.382259974, 848.491518349
-97.9608317162, 35.6548268687, 851.151366369
-95.908427596, 33.962955474, 853.811214389
-93.8268088396, 32.3071611503, 856.471062409
-91.7166095284, 30.6879482688, 859.130910429
-89.5784724494, 29.1058100573, 861.790758449
-87.4130488999, 27.5612284504, 864.450606469
-85.2209984889, 26.0546739426, 867.110454489
-83.0029889363, 24.5866054451, 869.770302509
-80.7596958691, 23.1574701458, 872.430150529
-78.4918026163, 21.767703373, 875.089998549
-76.2, 20.4177284633, 877.749846568
-73.8849861255, 19.107956632, 880.409694588
-71.5474661686, 17.8387868483, 883.069542608
-69.1881521603, 16.6106057137, 885.729390628
-66.8077627707, 15.423787344, 888.389238648
-64.4070230893, 14.2786932556, 891.049086668
-61.9866644048, 13.1756722553, 893.708934688
-59.5474239818, 12.1150603338, 896.368782708
-57.0900448366, 11.097180564, 899.028630728
-54.6152755107, 10.1223430018, 901.688478748
-52.1238698428, 9.19084459223, 904.348326767
-49.6165867393, 8.30296907866, 907.008174787
-47.0941899427, 7.45898691662, 909.668022807
-44.5574477997, 6.65915519123, 912.327870827
-42.0071330265, 5.903717539, 914.987718847
-39.4440224736, 5.19290407355, 917.647566867
-36.8688968894, 4.52693131554, 920.307414887
-34.282540682, 3.90600212673, 922.967262907
-31.6857416806, 3.33030564817, 925.627110927
-29.0792908954, 2.80001724258, 928.286958947
-26.4639822764, 2.31529844094, 930.946806967
-23.8406124721, 1.8762968933, 933.606654986
-21.2099805863, 1.48314632378, 936.266503006
-18.5728879349, 1.13596648986, 938.926351026
-15.930137802, 0.834863145875, 941.586199046
-13.2825351947, 0.579928010818, 944.246047066
-10.6308865986, 0.371238740403, 946.905895086
-7.97599973142, 0.208858903403, 949.565743106
-5.31868329746, 0.0928379622898, 952.225591126
-2.65974674104, 0.023211258166, 954.885439146
0, 0, 957.545287166
ENDTABLE
#DiagramOne1
ROAD_ZS_TABLE SPLINE
0, 0
0.000999999999976, 0
1, 0
2, 0
3, 0
4, 0
5, 0
6, 0
7, 0
8, 0
9, 0
10, 0
103.754528717, 0
197.509057433, 0
291.26358615, 0
385.018114866, 0
478.772643583, 0
572.527172299, 0
666.281701016, 0
760.036229732, 0
853.790758449, 0
947.545287166, 0
948.545287166, 0
949.545287166, 0
950.545287166, 0
951.545287166, 0
952.545287166, 0
953.545287166, 0
954.545287166, 0
955.545287166, 0
956.545287166, 0
957.544287166, 0
957.545287166, 0
ENDTABLE
*3D_DATA 4, 4 ! columns x rows
ROAD_DZ_CARPET
0, -2.000000, -1.000000, 1.000000, 2.000000
0.0, 0.0, 0.0, 0.0, 0.0
10.0, 0.0, 0.0, 0.0, 0.0
947.545287, 0.0, 0.0, 0.0, 0.0
957.545287, 0.0, 0.0, 0.0, 0.0
ENDTABLE

LOG_ENTRY Used Dataset: Road: Segment Builder; 500 ft Radius Circle (Loop)
#Library : Road: Segment Builder
#DataSet : 500 ft Radius Circle (Loop)
#Category: 
#FileID  : RdBuild101
#Product : CarSim 8.2.2, October 2013
#Last update: 02-11-2015 18:37
#VehCode Road segment builder

END
