PARSFILE
#FullDataName Road: Segment Builder`500 ft Radius Circle (Loop) #2`
SPATH 0
*NUM_ROWS 5
*TRANSX 0
*TRANSY 0
*TRANSZ 0

#MiscYellow0
# Left 90 deg 152.4 m 360 239.38917 239.38936 10.0 0.0 Rel 0.0 Rel 0.0 10 0.8 0.8
# Ahead 200 m 0 1/m 30 439.38917 439.38936 10.0 0.0 Rel 0.0 Rel 0.0 10 0.8 0.8
# Left 180 deg 152.4 m 360 918.166371 918.168081 10.0 0.0 Rel 0.0 Rel 0.0 10 0.8 0.8
# Ahead 200 m 0 1/m 30 1118.166371 1118.168081 10.0 0.0 Rel 0.0 Rel 0.0 10 0.8 0.8
# Left 90 deg 152.4 m 360 1810.197324 1596.946801 10.0 0.0 Rel 0.0 Rel 0.0 10 0.8 0.8
#ENDMYellow

#CheckBox0 1    
OPT_ROAD_LOOP 1
#CheckBox1 1    
#CheckBox2 1    
#CheckBox3 1    
#CheckBox4 0    
#CheckBox5 1    


#RingCtrl0 0
OPT_ROAD 1

#DiagramOne0
YIN_TABLE
0, 0, 0
0.664968334995, 0.00145073816006, 0.664969917506
1.32992400995, 0.0058029250203, 1.32993983501
1.99485436507, 0.0130564777213, 1.99490975252
2.65974674104, 0.023211258166, 2.65987967002
3.32458847927, 0.0362670730219, 3.32484958753
3.98936692212, 0.0522236737251, 3.98981950504
4.65406941318, 0.0710807564849, 4.65478942254
5.31868329746, 0.0928379622898, 5.31975934005
5.98319592168, 0.117494876914, 5.98472925755
6.64759463448, 0.145051030925, 6.64969917506
7.31186678665, 0.175505899694, 7.31466909256
7.97599973142, 0.208858903403, 7.97963901007
8.63998082466, 0.24510940706, 8.64460892758
9.30379742511, 0.284256720507, 9.30957884508
9.96743689467, 0.326300098437, 9.97454876259
10.6308865986, 0.371238740403, 10.6395186801
11.2941339058, 0.419071790838, 11.3044885976
11.9571661889, 0.469798339071, 11.9694585151
12.6199708249, 0.523417419341, 12.6344284326
13.2825351947, 0.579928010818, 13.2993983501
13.9448466843, 0.639329037622, 13.9643682676
14.6068926841, 0.701619368842, 14.6293381851
15.2686605897, 0.766797818561, 15.2943081026
15.930137802, 0.834863145875, 15.9592780201
16.5913117274, 0.905814054918, 16.6242479376
17.2521697782, 0.979649194888, 17.2892178552
17.9126993726, 1.05636716007, 17.9541877727
18.5728879349, 1.13596648986, 18.6191576902
19.2327228963, 1.21844566881, 19.2841276077
19.8921916943, 1.30380312663, 19.9490975252
20.5512817737, 1.39203723824, 20.6140674427
21.2099805863, 1.48314632378, 21.2790373602
21.8682755915, 1.57712864868, 21.9440072777
22.5261542562, 1.67398242364, 22.6089771952
23.1836040553, 1.77370580471, 23.2739471127
23.8406124721, 1.8762968933, 23.9389170302
24.497166998, 1.98175373622, 24.6038869477
25.1532551332, 2.09007432573, 25.2688568652
25.8088643866, 2.20125659955, 25.9338267827
26.4639822764, 2.31529844094, 26.5987967002
27.1185963302, 2.43219767871, 27.2637666177
27.772694085, 2.55195208725, 27.9287365352
28.4262630877, 2.67455938663, 28.5937064528
29.0792908954, 2.80001724258, 29.2586763703
29.7317650753, 2.92832326655, 29.9236462878
30.3836732052, 3.05947501579, 30.5886162053
31.0350028738, 3.19346999335, 31.2535861228
31.6857416806, 3.33030564817, 31.9185560403
32.3358772366, 3.46997937509, 32.5835259578
32.9853971642, 3.61248851492, 33.2484958753
33.6342890973, 3.7578303545, 33.9134657928
34.282540682, 3.90600212673, 34.5784357103
34.9301395766, 4.05700101063, 35.2434056278
35.5770734516, 4.21082413139, 35.9083755453
36.2233299905, 4.36746856046, 36.5733454628
36.8688968894, 4.52693131554, 37.2383153803
37.5137618576, 4.68920936069, 37.9032852978
38.1579126179, 4.85429960638, 38.5682552153
38.8013369065, 5.02219890952, 39.2332251328
39.4440224736, 5.19290407355, 39.8981950504
40.0859570834, 5.36641184849, 40.5631649679
40.7271285143, 5.54271893101, 41.2281348854
41.3675245594, 5.72182196446, 41.8931048029
42.0071330265, 5.903717539, 42.5580747204
42.6459417383, 6.08840219158, 43.2230446379
43.2839385329, 6.27587240609, 43.8880145554
43.9211112636, 6.46612461335, 44.5529844729
44.5574477997, 6.65915519123, 45.2179543904
45.1929360263, 6.85496046472, 45.8829243079
45.8275638445, 7.05353670597, 46.5478942254
46.4613191719, 7.25488013436, 47.2128641429
47.0941899427, 7.45898691662, 47.8778340604
47.7261641081, 7.66585316683, 48.5428039779
48.3572296361, 7.87547494658, 49.2077738954
48.9873745122, 8.08784826495, 49.8727438129
49.6165867393, 8.30296907866, 50.5377137304
50.244854338, 8.52083329214, 51.202683648
50.8721653472, 8.74143675755, 51.8676535655
51.4985078237, 8.96477527493, 52.532623483
52.1238698428, 9.19084459223, 53.1975934005
52.7482394986, 9.41964040541, 53.862563318
53.3716049039, 9.65115835854, 54.5275332355
53.9939541909, 9.88539404385, 55.192503153
54.6152755107, 10.1223430018, 55.8574730705
55.2355570344, 10.3620007213, 56.522442988
55.8547869528, 10.6043626395, 57.1874129055
56.4729534765, 10.8494241423, 57.852382823
57.0900448366, 11.097180564, 58.5173527405
57.7060492845, 11.3476271877, 59.182322658
58.3209550924, 11.6007592453, 59.8472925755
58.9347505535, 11.8565719174, 60.512262493
59.5474239818, 12.1150603338, 61.1772324105
60.158963713, 12.3762195733, 61.842202328
60.7693581042, 12.6400446637, 62.5071722455
61.3785955345, 12.9065305822, 63.1721421631
61.9866644048, 13.1756722553, 63.8371120806
62.5935531383, 13.4474645589, 64.5020819981
63.1992501808, 13.7219023184, 65.1670519156
63.8037440007, 13.9989803091, 65.8320218331
64.4070230893, 14.2786932556, 66.4969917506
65.009075961, 14.5610358328, 67.1619616681
65.6098911536, 14.8460026651, 67.8269315856
66.2094572284, 15.1335883272, 68.4919015031
66.8077627707, 15.423787344, 69.1568714206
67.4047963894, 15.7165941904, 69.8218413381
68.0005467179, 16.0120032919, 70.4868112556
68.5950024141, 16.3100090241, 71.1517811731
69.1881521603, 16.6106057137, 71.8167510906
69.7799846638, 16.9137876376, 72.4817210081
70.370488657, 17.2195490236, 73.1466909256
70.9596528975, 17.5278840506, 73.8116608431
71.5474661686, 17.8387868483, 74.4766307607
72.133917279, 18.1522514975, 75.1416006782
72.7189950636, 18.4682720303, 75.8065705957
73.3026883833, 18.7868424302, 76.4715405132
73.8849861255, 19.107956632, 77.1365104307
74.4658772041, 19.4316085221, 77.8014803482
75.0453505598, 19.7577919388, 78.4664502657
75.6233951601, 20.0865006719, 79.1314201832
76.2, 20.4177284633, 79.7963901007
76.7751541017, 20.7514690069, 80.4613600182
77.3488465152, 21.0877159487, 81.1263299357
77.9210663181, 21.4264628872, 81.7912998532
78.4918026163, 21.767703373, 82.4562697707
79.0610445437, 22.1114309094, 83.1212396882
79.6287812627, 22.4576389524, 83.7862096057
80.1950019645, 22.8063209107, 84.4511795232
80.7596958691, 23.1574701458, 85.1161494407
81.3228522255, 23.5110799723, 85.7811193583
81.8844603121, 23.8671436581, 86.4460892758
82.4445094365, 24.2256544242, 87.1110591933
83.0029889363, 24.5866054451, 87.7760291108
83.5598881788, 24.9499898488, 88.4409990283
84.1151965616, 25.315800717, 89.1059689458
84.6689035122, 25.6840310851, 89.7709388633
85.2209984889, 26.0546739426, 90.4359087808
85.7714709807, 26.427722233, 91.1008786983
86.3203105073, 26.803168854, 91.7658486158
86.8675066197, 27.1810066576, 92.4308185333
87.4130488999, 27.5612284504, 93.0957884508
87.9569269617, 27.9438269934, 93.7607583683
88.4991304503, 28.3287950025, 94.4257282858
89.0396490431, 28.7161251485, 95.0906982033
89.5784724494, 29.1058100573, 95.7556681208
90.1155904106, 29.4978423096, 96.4206380383
90.6509927009, 29.8922144419, 97.0856079559
91.184669127, 30.2889189459, 97.7505778734
91.7166095284, 30.6879482688, 98.4155477909
92.2468037777, 31.0892948137, 99.0805177084
92.7752417809, 31.4929509396, 99.7454876259
93.3019134773, 31.8989089614, 100.410457543
93.8268088396, 32.3071611503, 101.075427461
94.3499178748, 32.7176997338, 101.740397378
94.8712306236, 33.1305168957, 102.405367296
95.3907371609, 33.5456047766, 103.070337213
95.908427596, 33.962955474, 103.735307131
96.4242920729, 34.3825610419, 104.400277048
96.9383207703, 34.8044134917, 105.065246966
97.4505039018, 35.228504792, 105.730216883
97.9608317162, 35.6548268687, 106.395186801
98.4692944976, 36.0833716051, 107.060156718
98.9758825655, 36.5141308426, 107.725126636
99.4805862753, 36.9470963799, 108.390096553
99.9833960182, 37.382259974, 109.055066471
100.484302221, 37.8196133402, 109.720036388
100.983295348, 38.2591481518, 110.385006306
101.480365899, 38.7008560406, 111.049976223
101.975504409, 39.1447285972, 111.714946141
102.468701453, 39.590757371, 112.379916058
102.959947641, 40.0389338701, 113.044885976
103.449233619, 40.489249562, 113.709855893
103.936550074, 40.9416958732, 114.374825811
104.421887726, 41.3962641899, 115.039795729
104.905237336, 41.8529458577, 115.704765646
105.386589701, 42.3117321821, 116.369735564
105.865935658, 42.7726144284, 117.034705481
106.34326608, 43.2355838221, 117.699675399
106.818571879, 43.7006315489, 118.364645316
107.291844007, 44.167748755, 119.029615234
107.763073453, 44.6369265472, 119.694585151
108.232251245, 45.1081559929, 120.359555069
108.699368451, 45.5814281207, 121.024524986
109.164416178, 46.0567339201, 121.689494904
109.627385572, 46.534064342, 122.354464821
110.088267818, 47.0134102988, 123.019434739
110.547054142, 47.4947626643, 123.684404656
111.00373581, 47.9781122743, 124.349374574
111.458304127, 48.4634499265, 125.014344491
111.910750438, 48.9507663808, 125.679314409
112.36106613, 49.4400523594, 126.344284326
112.809242629, 49.931298547, 127.009254244
113.255271403, 50.4244955909, 127.674224161
113.699143959, 50.9196341015, 128.339194079
114.140851848, 51.4167046519, 129.004163996
114.58038666, 51.9156977787, 129.669133914
115.017740026, 52.4166039818, 130.334103831
115.45290362, 52.9194137247, 130.999073749
115.885869157, 53.4241174345, 131.664043666
116.316628395, 53.9307055024, 132.329013584
116.745173131, 54.4391682838, 132.993983501
117.171495208, 54.9494960982, 133.658953419
117.595586508, 55.4616792297, 134.323923336
118.017438958, 55.9757079271, 134.988893254
118.437044526, 56.491572404, 135.653863171
118.854395223, 57.0092628391, 136.318833089
119.269483104, 57.5287693764, 136.983803006
119.682300266, 58.0500821252, 137.648772924
120.09283885, 58.5731911604, 138.313742841
120.501091039, 59.0980865227, 138.978712759
120.90704906, 59.6247582191, 139.643682676
121.310705186, 60.1531962223, 140.308652594
121.712051731, 60.6833904716, 140.973622511
122.111081054, 61.215330873, 141.638592429
122.507785558, 61.7490072991, 142.303562346
122.90215769, 62.2844095894, 142.968532264
123.294189943, 62.8215275506, 143.633502181
123.683874851, 63.3603509569, 144.298472099
124.071204998, 63.9008695497, 144.963442016
124.456173007, 64.4430730383, 145.628411934
124.83877155, 64.9869511001, 146.293381851
125.218993342, 65.5324933803, 146.958351769
125.596831146, 66.0796894927, 147.623321686
125.972277767, 66.6285290193, 148.288291604
126.345326057, 67.1790015111, 148.953261521
126.715968915, 67.7310964878, 149.618231439
127.084199283, 68.2848034384, 150.283201356
127.450010151, 68.8401118212, 150.948171274
127.813394555, 69.3970110637, 151.613141191
128.174345576, 69.9554905635, 152.278111109
128.532856342, 70.5155396879, 152.943081026
128.888920028, 71.0771477745, 153.608050944
129.242529854, 71.6403041309, 154.273020861
129.593679089, 72.2049980355, 154.937990779
129.942361048, 72.7712187373, 155.602960696
130.288569091, 73.3389554563, 156.267930614
130.632296627, 73.9081973837, 156.932900531
130.973537113, 74.4789336819, 157.597870449
131.312284051, 75.0511534848, 158.262840366
131.648530993, 75.6248458983, 158.927810284
131.982271537, 76.2, 159.592780201
132.313499328, 76.7766048399, 160.257750119
132.642208061, 77.3546494402, 160.922720036
132.968391478, 77.9341227959, 161.587689954
133.292043368, 78.5150138745, 162.252659871
133.61315757, 79.0973116167, 162.917629789
133.93172797, 79.6810049364, 163.582599706
134.247748503, 80.266082721, 164.247569624
134.561213152, 80.8525338314, 164.912539541
134.872115949, 81.4403471025, 165.577509459
135.180450976, 82.029511343, 166.242479376
135.486212362, 82.6200153362, 166.907449294
135.789394286, 83.2118478397, 167.572419211
136.089990976, 83.8049975859, 168.237389129
136.387996708, 84.3994532821, 168.902359046
136.68340581, 84.9952036106, 169.567328964
136.976212656, 85.5922372293, 170.232298881
137.266411673, 86.1905427716, 170.897268799
137.553997335, 86.7901088464, 171.562238717
137.838964167, 87.390924039, 172.227208634
138.121306744, 87.9929769107, 172.892178552
138.401019691, 88.5962559993, 173.557148469
138.678097682, 89.2007498192, 174.222118387
138.952535441, 89.8064468617, 174.887088304
139.224327745, 90.4133355952, 175.552058222
139.493469418, 91.0214044655, 176.217028139
139.759955336, 91.6306418958, 176.881998057
140.023780427, 92.241036287, 177.546967974
140.284939666, 92.8525760182, 178.211937892
140.543428083, 93.4652494465, 178.876907809
140.799240755, 94.0790449076, 179.541877727
141.052372812, 94.6939507155, 180.206847644
141.302819436, 95.3099551634, 180.871817562
141.550575858, 95.9270465235, 181.536787479
141.79563736, 96.5452130472, 182.201757397
142.037999279, 97.1644429656, 182.866727314
142.277656998, 97.7847244893, 183.531697232
142.514605956, 98.4060458091, 184.196667149
142.748841641, 99.0283950961, 184.861637067
142.980359595, 99.6517605014, 185.526606984
143.209155408, 100.276130157, 186.191576902
143.435224725, 100.901492176, 186.856546819
143.658563242, 101.527834653, 187.521516737
143.879166708, 102.155145662, 188.186486654
144.097030921, 102.783413261, 188.851456572
144.312151735, 103.412625488, 189.516426489
144.524525053, 104.042770364, 190.181396407
144.734146833, 104.673835892, 190.846366324
144.941013083, 105.305810057, 191.511336242
145.145119866, 105.938680828, 192.176306159
145.346463294, 106.572436156, 192.841276077
145.545039535, 107.207063974, 193.506245994
145.740844809, 107.8425522, 194.171215912
145.933875387, 108.478888736, 194.836185829
146.124127594, 109.116061467, 195.501155747
146.311597808, 109.754058262, 196.166125664
146.496282461, 110.392866973, 196.831095582
146.678178036, 111.032475441, 197.496065499
146.857281069, 111.672871486, 198.161035417
147.033588152, 112.314042917, 198.826005334
147.207095926, 112.955977526, 199.490975252
147.37780109, 113.598663093, 200.155945169
147.545700394, 114.242087382, 200.820915087
147.710790639, 114.886238142, 201.485885004
147.873068684, 115.531103111, 202.150854922
148.03253144, 116.176670009, 202.815824839
148.189175869, 116.822926548, 203.480794757
148.342998989, 117.469860423, 204.145764674
148.493997873, 118.117459318, 204.810734592
148.642169645, 118.765710903, 205.475704509
148.787511485, 119.414602836, 206.140674427
148.930020625, 120.064122763, 206.805644344
149.069694352, 120.714258319, 207.470614262
149.206530007, 121.364997126, 208.135584179
149.340524984, 122.016326795, 208.800554097
149.471676733, 122.668234925, 209.465524014
149.599982757, 123.320709105, 210.130493932
149.725440613, 123.973736912, 210.795463849
149.848047913, 124.627305915, 211.460433767
149.967802321, 125.28140367, 212.125403684
150.084701559, 125.936017724, 212.790373602
150.1987434, 126.591135613, 213.455343519
150.309925674, 127.246744867, 214.120313437
150.418246264, 127.902833002, 214.785283354
150.523703107, 128.559387528, 215.450253272
150.626294195, 129.216395945, 216.115223189
150.726017576, 129.873845744, 216.780193107
150.822871351, 130.531724409, 217.445163024
150.916853676, 131.190019414, 218.110132942
151.007962762, 131.848718226, 218.775102859
151.096196873, 132.507808306, 219.440072777
151.181554331, 133.167277104, 220.105042694
151.26403351, 133.827112065, 220.770012612
151.34363284, 134.487300627, 221.434982529
151.420350805, 135.147830222, 222.099952447
151.494185945, 135.808688273, 222.764922364
151.565136854, 136.469862198, 223.429892282
151.633202181, 137.13133941, 224.094862199
151.698380631, 137.793107316, 224.759832117
151.760670962, 138.455153316, 225.424802034
151.820071989, 139.117464805, 226.089771952
151.876582581, 139.780029175, 226.754741869
151.930201661, 140.442833811, 227.419711787
151.980928209, 141.105866094, 228.084681705
152.02876126, 141.769113401, 228.749651622
152.073699902, 142.432563105, 229.41462154
152.115743279, 143.096202575, 230.079591457
152.154890593, 143.760019175, 230.744561375
152.191141097, 144.424000269, 231.409531292
152.2244941, 145.088133213, 232.07450121
152.254948969, 145.752405366, 232.739471127
152.282505123, 146.416804078, 233.404441045
152.307162038, 147.081316703, 234.069410962
152.328919244, 147.745930587, 234.73438088
152.347776326, 148.410633078, 235.399350797
152.363732927, 149.075411521, 236.064320715
152.376788742, 149.740253259, 236.729290632
152.386943522, 150.405145635, 237.39426055
152.394197075, 151.07007599, 238.059230467
152.398549262, 151.735031665, 238.724200385
152.4, 152.4, 239.389170302
152.4, 159.066666667, 246.055836969
152.4, 165.733333333, 252.722503635
152.4, 172.4, 259.389170302
152.4, 179.066666667, 266.055836969
152.4, 185.733333333, 272.722503635
152.4, 192.4, 279.389170302
152.4, 199.066666667, 286.055836969
152.4, 205.733333333, 292.722503635
152.4, 212.4, 299.389170302
152.4, 219.066666667, 306.055836969
152.4, 225.733333333, 312.722503635
152.4, 232.4, 319.389170302
152.4, 239.066666667, 326.055836969
152.4, 245.733333333, 332.722503635
152.4, 252.4, 339.389170302
152.4, 259.066666667, 346.055836969
152.4, 265.733333333, 352.722503635
152.4, 272.4, 359.389170302
152.4, 279.066666667, 366.055836969
152.4, 285.733333333, 372.722503635
152.4, 292.4, 379.389170302
152.4, 299.066666667, 386.055836969
152.4, 305.733333333, 392.722503635
152.4, 312.4, 399.389170302
152.4, 319.066666667, 406.055836969
152.4, 325.733333333, 412.722503635
152.4, 332.4, 419.389170302
152.4, 339.066666667, 426.055836969
152.4, 345.733333333, 432.722503635
152.4, 352.4, 439.389170302
152.394197075, 353.72992401, 440.719106972
152.376788742, 355.059746741, 442.049043642
152.347776326, 356.389366922, 443.378980312
152.307162038, 357.718683297, 444.708916982
152.254948969, 359.047594634, 446.038853652
152.191141097, 360.375999731, 447.368790322
152.115743279, 361.703797425, 448.698726992
152.02876126, 363.030886599, 450.028663662
151.930201661, 364.357166189, 451.358600332
151.820071989, 365.682535195, 452.688537002
151.698380631, 367.006892684, 454.018473672
151.565136854, 368.330137802, 455.348410342
151.420350805, 369.652169778, 456.678347012
151.26403351, 370.972887935, 458.008283682
151.096196873, 372.292191694, 459.338220352
150.916853676, 373.609980586, 460.668157022
150.726017576, 374.926154256, 461.998093692
150.523703107, 376.240612472, 463.328030362
150.309925674, 377.553255133, 464.657967032
150.084701559, 378.863982276, 465.987903702
149.848047913, 380.172694085, 467.317840372
149.599982757, 381.479290895, 468.647777042
149.340524984, 382.783673205, 469.977713712
149.069694352, 384.085741681, 471.307650382
148.787511485, 385.385397164, 472.637587052
148.493997873, 386.682540682, 473.967523722
148.189175869, 387.977073452, 475.297460392
147.873068684, 389.268896889, 476.627397062
147.545700394, 390.557912618, 477.957333732
147.207095926, 391.844022474, 479.287270402
146.857281069, 393.127128514, 480.617207072
146.496282461, 394.407133027, 481.947143742
146.124127594, 395.683938533, 483.277080412
145.740844809, 396.9574478, 484.607017082
145.346463294, 398.227563844, 485.936953752
144.941013083, 399.494189943, 487.266890422
144.524525053, 400.757229636, 488.596827092
144.097030921, 402.016586739, 489.926763762
143.658563242, 403.272165347, 491.256700432
143.209155408, 404.523869843, 492.586637102
142.748841641, 405.771604904, 493.916573772
142.277656998, 407.015275511, 495.246510442
141.79563736, 408.254786953, 496.576447112
141.302819436, 409.490044837, 497.906383782
140.799240755, 410.720955092, 499.236320452
140.284939666, 411.947423982, 500.566257122
139.759955336, 413.169358104, 501.896193792
139.224327745, 414.386664405, 503.226130462
138.678097682, 415.599250181, 504.556067132
138.121306744, 416.807023089, 505.886003802
137.553997335, 418.009891154, 507.215940472
136.976212656, 419.207762771, 508.545877142
136.387996708, 420.400546718, 509.875813812
135.789394286, 421.58815216, 511.205750482
135.180450976, 422.770488657, 512.535687152
134.561213152, 423.947466169, 513.865623822
133.93172797, 425.118995064, 515.195560492
133.292043368, 426.284986126, 516.525497162
132.642208061, 427.44535056, 517.855433832
131.982271537, 428.6, 519.185370502
131.312284051, 429.748846515, 520.515307172
130.632296627, 430.891802616, 521.845243842
129.942361048, 432.028781263, 523.175180512
129.242529854, 433.159695869, 524.505117182
128.532856342, 434.284460312, 525.835053852
127.813394555, 435.402988936, 527.164990521
127.084199283, 436.515196562, 528.494927191
126.345326057, 437.620998489, 529.824863861
125.596831146, 438.720310507, 531.154800531
124.83877155, 439.8130489, 532.484737201
124.071204998, 440.89913045, 533.814673871
123.294189943, 441.978472449, 535.144610541
122.507785558, 443.050992701, 536.474547211
121.712051731, 444.116609528, 537.804483881
120.90704906, 445.175241781, 539.134420551
120.09283885, 446.22680884, 540.464357221
119.269483104, 447.271230624, 541.794293891
118.437044526, 448.308427596, 543.124230561
117.595586508, 449.33832077, 544.454167231
116.745173131, 450.360831716, 545.784103901
115.885869157, 451.375882566, 547.114040571
115.017740026, 452.383396018, 548.443977241
114.140851848, 453.383295348, 549.773913911
113.255271403, 454.375504409, 551.103850581
112.36106613, 455.359947641, 552.433787251
111.458304127, 456.336550074, 553.763723921
110.547054142, 457.305237336, 555.093660591
109.627385572, 458.265935658, 556.423597261
108.699368451, 459.218571879, 557.753533931
107.763073453, 460.163073453, 559.083470601
106.818571879, 461.099368451, 560.413407271
105.865935658, 462.027385572, 561.743343941
104.905237336, 462.947054142, 563.073280611
103.936550074, 463.858304127, 564.403217281
102.959947641, 464.76106613, 565.733153951
101.975504409, 465.655271403, 567.063090621
100.983295348, 466.540851848, 568.393027291
99.9833960182, 467.417740026, 569.722963961
98.9758825655, 468.285869157, 571.052900631
97.9608317162, 469.145173131, 572.382837301
96.9383207703, 469.995586508, 573.712773971
95.908427596, 470.837044526, 575.042710641
94.8712306236, 471.669483104, 576.372647311
93.8268088396, 472.49283885, 577.702583981
92.7752417809, 473.30704906, 579.032520651
91.7166095284, 474.112051731, 580.362457321
90.6509927009, 474.907785558, 581.692393991
89.5784724494, 475.694189943, 583.022330661
88.4991304503, 476.471204998, 584.352267331
87.4130488999, 477.23877155, 585.682204001
86.3203105073, 477.996831146, 587.012140671
85.2209984889, 478.745326057, 588.342077341
84.1151965616, 479.484199283, 589.672014011
83.0029889363, 480.213394555, 591.001950681
81.8844603121, 480.932856342, 592.331887351
80.7596958691, 481.642529854, 593.661824021
79.6287812627, 482.342361048, 594.991760691
78.4918026163, 483.032296627, 596.321697361
77.3488465152, 483.712284051, 597.651634031
76.2, 484.382271537, 598.981570701
75.0453505598, 485.042208061, 600.311507371
73.8849861255, 485.692043368, 601.641444041
72.7189950636, 486.33172797, 602.971380711
71.5474661686, 486.961213152, 604.301317381
70.370488657, 487.580450976, 605.631254051
69.1881521603, 488.189394286, 606.961190721
68.0005467179, 488.787996708, 608.291127391
66.8077627707, 489.376212656, 609.621064061
65.6098911536, 489.953997335, 610.951000731
64.4070230893, 490.521306744, 612.280937401
63.1992501808, 491.078097682, 613.610874071
61.9866644048, 491.624327745, 614.940810741
60.7693581042, 492.159955336, 616.270747411
59.5474239818, 492.684939666, 617.600684081
58.3209550924, 493.199240755, 618.930620751
57.0900448366, 493.702819436, 620.260557421
55.8547869528, 494.19563736, 621.590494091
54.6152755107, 494.677656998, 622.920430761
53.3716049039, 495.148841641, 624.250367431
52.1238698428, 495.609155408, 625.580304101
50.8721653472, 496.058563242, 626.910240771
49.6165867393, 496.497030921, 628.240177441
48.3572296361, 496.924525053, 629.570114111
47.0941899427, 497.341013083, 630.900050781
45.8275638445, 497.746463294, 632.229987451
44.5574477997, 498.140844809, 633.559924121
43.2839385329, 498.524127594, 634.889860791
42.0071330265, 498.896282461, 636.219797461
40.7271285143, 499.257281069, 637.549734131
39.4440224736, 499.607095926, 638.879670801
38.1579126179, 499.945700394, 640.209607471
36.8688968894, 500.273068684, 641.539544141
35.5770734516, 500.589175869, 642.869480811
34.282540682, 500.893997873, 644.199417481
32.9853971642, 501.187511485, 645.529354151
31.6857416806, 501.469694352, 646.859290821
30.3836732052, 501.740524984, 648.189227491
29.0792908954, 501.999982757, 649.519164161
27.772694085, 502.248047913, 650.849100831
26.4639822764, 502.484701559, 652.179037501
25.1532551332, 502.709925674, 653.508974171
23.8406124721, 502.923703107, 654.838910841
22.5261542562, 503.126017576, 656.168847511
21.2099805863, 503.316853676, 657.498784181
19.8921916943, 503.496196873, 658.828720851
18.5728879349, 503.66403351, 660.158657521
17.2521697782, 503.820350805, 661.488594191
15.930137802, 503.965136854, 662.818530861
14.6068926841, 504.098380631, 664.148467531
13.2825351947, 504.220071989, 665.478404201
11.9571661889, 504.330201661, 666.808340871
10.6308865986, 504.42876126, 668.138277541
9.30379742511, 504.515743279, 669.468214211
7.97599973142, 504.591141097, 670.79815088
6.64759463448, 504.654948969, 672.12808755
5.31868329746, 504.707162038, 673.45802422
3.98936692212, 504.747776326, 674.78796089
2.65974674104, 504.776788742, 676.11789756
1.32992400995, 504.794197075, 677.44783423
5.68434188608e-14, 504.8, 678.7777709
-1.32992400995, 504.794197075, 680.10770757
-2.65974674104, 504.776788742, 681.43764424
-3.98936692212, 504.747776326, 682.76758091
-5.31868329746, 504.707162038, 684.09751758
-6.64759463448, 504.654948969, 685.42745425
-7.97599973142, 504.591141097, 686.75739092
-9.30379742511, 504.515743279, 688.08732759
-10.6308865986, 504.42876126, 689.41726426
-11.9571661889, 504.330201661, 690.74720093
-13.2825351947, 504.220071989, 692.0771376
-14.6068926841, 504.098380631, 693.40707427
-15.930137802, 503.965136854, 694.73701094
-17.2521697782, 503.820350805, 696.06694761
-18.5728879349, 503.66403351, 697.39688428
-19.8921916943, 503.496196873, 698.72682095
-21.2099805863, 503.316853676, 700.05675762
-22.5261542562, 503.126017576, 701.38669429
-23.8406124721, 502.923703107, 702.71663096
-25.1532551332, 502.709925674, 704.04656763
-26.4639822764, 502.484701559, 705.3765043
-27.772694085, 502.248047913, 706.70644097
-29.0792908954, 501.999982757, 708.03637764
-30.3836732052, 501.740524984, 709.36631431
-31.6857416806, 501.469694352, 710.69625098
-32.9853971642, 501.187511485, 712.02618765
-34.282540682, 500.893997873, 713.35612432
-35.5770734516, 500.589175869, 714.68606099
-36.8688968894, 500.273068684, 716.01599766
-38.1579126179, 499.945700394, 717.34593433
-39.4440224736, 499.607095926, 718.675871
-40.7271285143, 499.257281069, 720.00580767
-42.0071330265, 498.896282461, 721.33574434
-43.2839385329, 498.524127594, 722.66568101
-44.5574477997, 498.140844809, 723.99561768
-45.8275638445, 497.746463294, 725.32555435
-47.0941899427, 497.341013083, 726.65549102
-48.3572296361, 496.924525053, 727.98542769
-49.6165867393, 496.497030921, 729.31536436
-50.8721653472, 496.058563242, 730.64530103
-52.1238698428, 495.609155408, 731.9752377
-53.3716049039, 495.148841641, 733.30517437
-54.6152755107, 494.677656998, 734.63511104
-55.8547869528, 494.19563736, 735.96504771
-57.0900448366, 493.702819436, 737.29498438
-58.3209550924, 493.199240755, 738.62492105
-59.5474239818, 492.684939666, 739.95485772
-60.7693581042, 492.159955336, 741.28479439
-61.9866644048, 491.624327745, 742.61473106
-63.1992501808, 491.078097682, 743.94466773
-64.4070230893, 490.521306744, 745.2746044
-65.6098911536, 489.953997335, 746.60454107
-66.8077627707, 489.376212656, 747.93447774
-68.0005467179, 488.787996708, 749.26441441
-69.1881521603, 488.189394286, 750.59435108
-70.370488657, 487.580450976, 751.92428775
-71.5474661686, 486.961213152, 753.25422442
-72.7189950636, 486.33172797, 754.58416109
-73.8849861255, 485.692043368, 755.91409776
-75.0453505598, 485.042208061, 757.24403443
-76.2, 484.382271537, 758.5739711
-77.3488465152, 483.712284051, 759.90390777
-78.4918026163, 483.032296627, 761.23384444
-79.6287812627, 482.342361048, 762.56378111
-80.7596958691, 481.642529854, 763.89371778
-81.8844603121, 480.932856342, 765.22365445
-83.0029889363, 480.213394555, 766.55359112
-84.1151965616, 479.484199283, 767.88352779
-85.2209984889, 478.745326057, 769.21346446
-86.3203105073, 477.996831146, 770.54340113
-87.4130488999, 477.23877155, 771.8733378
-88.4991304503, 476.471204998, 773.20327447
-89.5784724494, 475.694189943, 774.53321114
-90.6509927009, 474.907785558, 775.86314781
-91.7166095284, 474.112051731, 777.19308448
-92.7752417809, 473.30704906, 778.52302115
-93.8268088396, 472.49283885, 779.85295782
-94.8712306236, 471.669483104, 781.18289449
-95.908427596, 470.837044526, 782.51283116
-96.9383207703, 469.995586508, 783.84276783
-97.9608317162, 469.145173131, 785.1727045
-98.9758825655, 468.285869157, 786.50264117
-99.9833960182, 467.417740026, 787.83257784
-100.983295348, 466.540851848, 789.16251451
-101.975504409, 465.655271403, 790.49245118
-102.959947641, 464.76106613, 791.82238785
-103.936550074, 463.858304127, 793.15232452
-104.905237336, 462.947054142, 794.48226119
-105.865935658, 462.027385572, 795.81219786
-106.818571879, 461.099368451, 797.14213453
-107.763073453, 460.163073453, 798.4720712
-108.699368451, 459.218571879, 799.80200787
-109.627385572, 458.265935658, 801.13194454
-110.547054142, 457.305237336, 802.46188121
-111.458304127, 456.336550074, 803.79181788
-112.36106613, 455.359947641, 805.12175455
-113.255271403, 454.375504409, 806.45169122
-114.140851848, 453.383295348, 807.78162789
-115.017740026, 452.383396018, 809.11156456
-115.885869157, 451.375882566, 810.44150123
-116.745173131, 450.360831716, 811.7714379
-117.595586508, 449.33832077, 813.10137457
-118.437044526, 448.308427596, 814.431311239
-119.269483104, 447.271230624, 815.761247909
-120.09283885, 446.22680884, 817.091184579
-120.90704906, 445.175241781, 818.421121249
-121.712051731, 444.116609528, 819.751057919
-122.507785558, 443.050992701, 821.080994589
-123.294189943, 441.978472449, 822.410931259
-124.071204998, 440.89913045, 823.740867929
-124.83877155, 439.8130489, 825.070804599
-125.596831146, 438.720310507, 826.400741269
-126.345326057, 437.620998489, 827.730677939
-127.084199283, 436.515196562, 829.060614609
-127.813394555, 435.402988936, 830.390551279
-128.532856342, 434.284460312, 831.720487949
-129.242529854, 433.159695869, 833.050424619
-129.942361048, 432.028781263, 834.380361289
-130.632296627, 430.891802616, 835.710297959
-131.312284051, 429.748846515, 837.040234629
-131.982271537, 428.6, 838.370171299
-132.642208061, 427.44535056, 839.700107969
-133.292043368, 426.284986126, 841.030044639
-133.93172797, 425.118995064, 842.359981309
-134.561213152, 423.947466169, 843.689917979
-135.180450976, 422.770488657, 845.019854649
-135.789394286, 421.58815216, 846.349791319
-136.387996708, 420.400546718, 847.679727989
-136.976212656, 419.207762771, 849.009664659
-137.553997335, 418.009891154, 850.339601329
-138.121306744, 416.807023089, 851.669537999
-138.678097682, 415.599250181, 852.999474669
-139.224327745, 414.386664405, 854.329411339
-139.759955336, 413.169358104, 855.659348009
-140.284939666, 411.947423982, 856.989284679
-140.799240755, 410.720955092, 858.319221349
-141.302819436, 409.490044837, 859.649158019
-141.79563736, 408.254786953, 860.979094689
-142.277656998, 407.015275511, 862.309031359
-142.748841641, 405.771604904, 863.638968029
-143.209155408, 404.523869843, 864.968904699
-143.658563242, 403.272165347, 866.298841369
-144.097030921, 402.016586739, 867.628778039
-144.524525053, 400.757229636, 868.958714709
-144.941013083, 399.494189943, 870.288651379
-145.346463294, 398.227563844, 871.618588049
-145.740844809, 396.9574478, 872.948524719
-146.124127594, 395.683938533, 874.278461389
-146.496282461, 394.407133027, 875.608398059
-146.857281069, 393.127128514, 876.938334729
-147.207095926, 391.844022474, 878.268271399
-147.545700394, 390.557912618, 879.598208069
-147.873068684, 389.268896889, 880.928144739
-148.189175869, 387.977073452, 882.258081409
-148.493997873, 386.682540682, 883.588018079
-148.787511485, 385.385397164, 884.917954749
-149.069694352, 384.085741681, 886.247891419
-149.340524984, 382.783673205, 887.577828089
-149.599982757, 381.479290895, 888.907764759
-149.848047913, 380.172694085, 890.237701429
-150.084701559, 378.863982276, 891.567638099
-150.309925674, 377.553255133, 892.897574769
-150.523703107, 376.240612472, 894.227511439
-150.726017576, 374.926154256, 895.557448109
-150.916853676, 373.609980586, 896.887384779
-151.096196873, 372.292191694, 898.217321449
-151.26403351, 370.972887935, 899.547258119
-151.420350805, 369.652169778, 900.877194789
-151.565136854, 368.330137802, 902.207131459
-151.698380631, 367.006892684, 903.537068129
-151.820071989, 365.682535195, 904.867004799
-151.930201661, 364.357166189, 906.196941469
-152.02876126, 363.030886599, 907.526878139
-152.115743279, 361.703797425, 908.856814809
-152.191141097, 360.375999731, 910.186751479
-152.254948969, 359.047594634, 911.516688149
-152.307162038, 357.718683297, 912.846624819
-152.347776326, 356.389366922, 914.176561489
-152.376788742, 355.059746741, 915.506498159
-152.394197075, 353.72992401, 916.836434829
-152.4, 352.4, 918.166371499
-152.4, 345.733333333, 924.833038165
-152.4, 339.066666667, 931.499704832
-152.4, 332.4, 938.166371499
-152.4, 325.733333333, 944.833038165
-152.4, 319.066666667, 951.499704832
-152.4, 312.4, 958.166371499
-152.4, 305.733333333, 964.833038165
-152.4, 299.066666667, 971.499704832
-152.4, 292.4, 978.166371499
-152.4, 285.733333333, 984.833038165
-152.4, 279.066666667, 991.499704832
-152.4, 272.4, 998.166371499
-152.4, 265.733333333, 1004.83303817
-152.4, 259.066666667, 1011.49970483
-152.4, 252.4, 1018.1663715
-152.4, 245.733333333, 1024.83303817
-152.4, 239.066666667, 1031.49970483
-152.4, 232.4, 1038.1663715
-152.4, 225.733333333, 1044.83303817
-152.4, 219.066666667, 1051.49970483
-152.4, 212.4, 1058.1663715
-152.4, 205.733333333, 1064.83303817
-152.4, 199.066666667, 1071.49970483
-152.4, 192.4, 1078.1663715
-152.4, 185.733333333, 1084.83303817
-152.4, 179.066666667, 1091.49970483
-152.4, 172.4, 1098.1663715
-152.4, 165.733333333, 1104.83303817
-152.4, 159.066666667, 1111.49970483
-152.4, 152.4, 1118.1663715
-152.398549262, 151.735031665, 1118.83134142
-152.394197075, 151.07007599, 1119.49631133
-152.386943522, 150.405145635, 1120.16128125
-152.376788742, 149.740253259, 1120.82625117
-152.363732927, 149.075411521, 1121.49122109
-152.347776326, 148.410633078, 1122.156191
-152.328919244, 147.745930587, 1122.82116092
-152.307162038, 147.081316703, 1123.48613084
-152.282505123, 146.416804078, 1124.15110076
-152.254948969, 145.752405366, 1124.81607067
-152.2244941, 145.088133213, 1125.48104059
-152.191141097, 144.424000269, 1126.14601051
-152.154890593, 143.760019175, 1126.81098043
-152.115743279, 143.096202575, 1127.47595034
-152.073699902, 142.432563105, 1128.14092026
-152.02876126, 141.769113401, 1128.80589018
-151.980928209, 141.105866094, 1129.4708601
-151.930201661, 140.442833811, 1130.13583001
-151.876582581, 139.780029175, 1130.80079993
-151.820071989, 139.117464805, 1131.46576985
-151.760670962, 138.455153316, 1132.13073977
-151.698380631, 137.793107316, 1132.79570968
-151.633202181, 137.13133941, 1133.4606796
-151.565136854, 136.469862198, 1134.12564952
-151.494185945, 135.808688273, 1134.79061944
-151.420350805, 135.147830222, 1135.45558935
-151.34363284, 134.487300627, 1136.12055927
-151.26403351, 133.827112065, 1136.78552919
-151.181554331, 133.167277104, 1137.45049911
-151.096196873, 132.507808306, 1138.11546902
-151.007962762, 131.848718226, 1138.78043894
-150.916853676, 131.190019414, 1139.44540886
-150.822871351, 130.531724409, 1140.11037878
-150.726017576, 129.873845744, 1140.77534869
-150.626294195, 129.216395945, 1141.44031861
-150.523703107, 128.559387528, 1142.10528853
-150.418246264, 127.902833002, 1142.77025845
-150.309925674, 127.246744867, 1143.43522836
-150.1987434, 126.591135613, 1144.10019828
-150.084701559, 125.936017724, 1144.7651682
-149.967802321, 125.28140367, 1145.43013812
-149.848047913, 124.627305915, 1146.09510803
-149.725440613, 123.973736912, 1146.76007795
-149.599982757, 123.320709105, 1147.42504787
-149.471676733, 122.668234925, 1148.09001779
-149.340524984, 122.016326795, 1148.7549877
-149.206530007, 121.364997126, 1149.41995762
-149.069694352, 120.714258319, 1150.08492754
-148.930020625, 120.064122763, 1150.74989746
-148.787511485, 119.414602836, 1151.41486737
-148.642169645, 118.765710903, 1152.07983729
-148.493997873, 118.117459318, 1152.74480721
-148.342998989, 117.469860423, 1153.40977713
-148.189175869, 116.822926548, 1154.07474704
-148.03253144, 116.176670009, 1154.73971696
-147.873068684, 115.531103111, 1155.40468688
-147.710790639, 114.886238142, 1156.0696568
-147.545700394, 114.242087382, 1156.73462671
-147.37780109, 113.598663093, 1157.39959663
-147.207095926, 112.955977526, 1158.06456655
-147.033588152, 112.314042917, 1158.72953647
-146.857281069, 111.672871486, 1159.39450638
-146.678178036, 111.032475441, 1160.0594763
-146.496282461, 110.392866973, 1160.72444622
-146.311597808, 109.754058262, 1161.38941614
-146.124127594, 109.116061467, 1162.05438605
-145.933875387, 108.478888736, 1162.71935597
-145.740844809, 107.8425522, 1163.38432589
-145.545039535, 107.207063974, 1164.04929581
-145.346463294, 106.572436156, 1164.71426572
-145.145119866, 105.938680828, 1165.37923564
-144.941013083, 105.305810057, 1166.04420556
-144.734146833, 104.673835892, 1166.70917548
-144.524525053, 104.042770364, 1167.37414539
-144.312151735, 103.412625488, 1168.03911531
-144.097030921, 102.783413261, 1168.70408523
-143.879166708, 102.155145662, 1169.36905515
-143.658563242, 101.527834653, 1170.03402506
-143.435224725, 100.901492176, 1170.69899498
-143.209155408, 100.276130157, 1171.3639649
-142.980359595, 99.6517605014, 1172.02893482
-142.748841641, 99.0283950961, 1172.69390473
-142.514605956, 98.4060458091, 1173.35887465
-142.277656998, 97.7847244893, 1174.02384457
-142.037999279, 97.1644429656, 1174.68881449
-141.79563736, 96.5452130472, 1175.3537844
-141.550575858, 95.9270465235, 1176.01875432
-141.302819436, 95.3099551634, 1176.68372424
-141.052372812, 94.6939507155, 1177.34869416
-140.799240755, 94.0790449076, 1178.01366407
-140.543428083, 93.4652494465, 1178.67863399
-140.284939666, 92.8525760182, 1179.34360391
-140.023780427, 92.241036287, 1180.00857383
-139.759955336, 91.6306418958, 1180.67354374
-139.493469418, 91.0214044655, 1181.33851366
-139.224327745, 90.4133355952, 1182.00348358
-138.952535441, 89.8064468617, 1182.6684535
-138.678097682, 89.2007498192, 1183.33342341
-138.401019691, 88.5962559993, 1183.99839333
-138.121306744, 87.9929769107, 1184.66336325
-137.838964167, 87.390924039, 1185.32833317
-137.553997335, 86.7901088464, 1185.99330308
-137.266411673, 86.1905427716, 1186.658273
-136.976212656, 85.5922372293, 1187.32324292
-136.68340581, 84.9952036106, 1187.98821284
-136.387996708, 84.3994532821, 1188.65318275
-136.089990976, 83.8049975859, 1189.31815267
-135.789394286, 83.2118478397, 1189.98312259
-135.486212362, 82.6200153362, 1190.64809251
-135.180450976, 82.029511343, 1191.31306242
-134.872115949, 81.4403471025, 1191.97803234
-134.561213152, 80.8525338314, 1192.64300226
-134.247748503, 80.266082721, 1193.30797218
-133.93172797, 79.6810049364, 1193.97294209
-133.61315757, 79.0973116167, 1194.63791201
-133.292043368, 78.5150138745, 1195.30288193
-132.968391478, 77.9341227959, 1195.96785185
-132.642208061, 77.3546494402, 1196.63282176
-132.313499328, 76.7766048399, 1197.29779168
-131.982271537, 76.2, 1197.9627616
-131.648530993, 75.6248458983, 1198.62773152
-131.312284051, 75.0511534848, 1199.29270143
-130.973537113, 74.4789336819, 1199.95767135
-130.632296627, 73.9081973837, 1200.62264127
-130.288569091, 73.3389554563, 1201.28761119
-129.942361048, 72.7712187373, 1201.9525811
-129.593679089, 72.2049980355, 1202.61755102
-129.242529854, 71.6403041309, 1203.28252094
-128.888920028, 71.0771477745, 1203.94749086
-128.532856342, 70.5155396879, 1204.61246077
-128.174345576, 69.9554905635, 1205.27743069
-127.813394555, 69.3970110637, 1205.94240061
-127.450010151, 68.8401118212, 1206.60737053
-127.084199283, 68.2848034384, 1207.27234044
-126.715968915, 67.7310964878, 1207.93731036
-126.345326057, 67.1790015111, 1208.60228028
-125.972277767, 66.6285290193, 1209.2672502
-125.596831146, 66.0796894927, 1209.93222011
-125.218993342, 65.5324933803, 1210.59719003
-124.83877155, 64.9869511001, 1211.26215995
-124.456173007, 64.4430730383, 1211.92712987
-124.071204998, 63.9008695497, 1212.59209978
-123.683874851, 63.3603509569, 1213.2570697
-123.294189943, 62.8215275506, 1213.92203962
-122.90215769, 62.2844095894, 1214.58700954
-122.507785558, 61.7490072991, 1215.25197945
-122.111081054, 61.215330873, 1215.91694937
-121.712051731, 60.6833904716, 1216.58191929
-121.310705186, 60.1531962223, 1217.24688921
-120.90704906, 59.6247582191, 1217.91185912
-120.501091039, 59.0980865228, 1218.57682904
-120.09283885, 58.5731911604, 1219.24179896
-119.682300266, 58.0500821252, 1219.90676888
-119.269483104, 57.5287693764, 1220.57173879
-118.854395223, 57.0092628391, 1221.23670871
-118.437044526, 56.491572404, 1221.90167863
-118.017438958, 55.9757079271, 1222.56664855
-117.595586508, 55.4616792297, 1223.23161846
-117.171495208, 54.9494960982, 1223.89658838
-116.745173131, 54.4391682838, 1224.5615583
-116.316628395, 53.9307055024, 1225.22652822
-115.885869157, 53.4241174345, 1225.89149813
-115.45290362, 52.9194137247, 1226.55646805
-115.017740026, 52.4166039818, 1227.22143797
-114.58038666, 51.9156977787, 1227.88640789
-114.140851848, 51.4167046519, 1228.5513778
-113.699143959, 50.9196341015, 1229.21634772
-113.255271403, 50.4244955909, 1229.88131764
-112.809242629, 49.931298547, 1230.54628756
-112.36106613, 49.4400523594, 1231.21125747
-111.910750438, 48.9507663808, 1231.87622739
-111.458304127, 48.4634499265, 1232.54119731
-111.00373581, 47.9781122743, 1233.20616723
-110.547054142, 47.4947626643, 1233.87113714
-110.088267818, 47.0134102988, 1234.53610706
-109.627385572, 46.534064342, 1235.20107698
-109.164416178, 46.0567339201, 1235.8660469
-108.699368451, 45.5814281207, 1236.53101681
-108.232251245, 45.1081559929, 1237.19598673
-107.763073453, 44.6369265472, 1237.86095665
-107.291844007, 44.167748755, 1238.52592657
-106.818571879, 43.7006315489, 1239.19089648
-106.34326608, 43.2355838221, 1239.8558664
-105.865935658, 42.7726144284, 1240.52083632
-105.386589701, 42.3117321821, 1241.18580624
-104.905237336, 41.8529458577, 1241.85077615
-104.421887726, 41.3962641899, 1242.51574607
-103.936550074, 40.9416958732, 1243.18071599
-103.449233619, 40.489249562, 1243.84568591
-102.959947641, 40.0389338701, 1244.51065582
-102.468701453, 39.590757371, 1245.17562574
-101.975504409, 39.1447285972, 1245.84059566
-101.480365899, 38.7008560406, 1246.50556558
-100.983295348, 38.2591481518, 1247.17053549
-100.484302221, 37.8196133402, 1247.83550541
-99.9833960182, 37.382259974, 1248.50047533
-99.4805862753, 36.9470963799, 1249.16544525
-98.9758825655, 36.5141308426, 1249.83041516
-98.4692944976, 36.0833716051, 1250.49538508
-97.9608317162, 35.6548268687, 1251.160355
-97.4505039018, 35.228504792, 1251.82532492
-96.9383207703, 34.8044134917, 1252.49029483
-96.4242920729, 34.3825610419, 1253.15526475
-95.908427596, 33.962955474, 1253.82023467
-95.3907371609, 33.5456047766, 1254.48520459
-94.8712306236, 33.1305168957, 1255.1501745
-94.3499178748, 32.7176997338, 1255.81514442
-93.8268088396, 32.3071611503, 1256.48011434
-93.3019134773, 31.8989089614, 1257.14508426
-92.7752417809, 31.4929509396, 1257.81005418
-92.2468037777, 31.0892948137, 1258.47502409
-91.7166095284, 30.6879482688, 1259.13999401
-91.184669127, 30.2889189459, 1259.80496393
-90.6509927009, 29.8922144419, 1260.46993385
-90.1155904106, 29.4978423096, 1261.13490376
-89.5784724494, 29.1058100573, 1261.79987368
-89.0396490431, 28.7161251485, 1262.4648436
-88.4991304503, 28.3287950025, 1263.12981352
-87.9569269617, 27.9438269934, 1263.79478343
-87.4130488999, 27.5612284504, 1264.45975335
-86.8675066197, 27.1810066576, 1265.12472327
-86.3203105073, 26.803168854, 1265.78969319
-85.7714709807, 26.427722233, 1266.4546631
-85.2209984889, 26.0546739426, 1267.11963302
-84.6689035122, 25.6840310851, 1267.78460294
-84.1151965616, 25.315800717, 1268.44957286
-83.5598881788, 24.9499898488, 1269.11454277
-83.0029889363, 24.5866054451, 1269.77951269
-82.4445094365, 24.2256544242, 1270.44448261
-81.8844603121, 23.8671436581, 1271.10945253
-81.3228522255, 23.5110799723, 1271.77442244
-80.7596958691, 23.1574701458, 1272.43939236
-80.1950019645, 22.8063209107, 1273.10436228
-79.6287812627, 22.4576389524, 1273.7693322
-79.0610445437, 22.1114309094, 1274.43430211
-78.4918026163, 21.767703373, 1275.09927203
-77.9210663181, 21.4264628872, 1275.76424195
-77.3488465152, 21.0877159487, 1276.42921187
-76.7751541017, 20.7514690069, 1277.09418178
-76.2, 20.4177284633, 1277.7591517
-75.6233951601, 20.0865006719, 1278.42412162
-75.0453505598, 19.7577919388, 1279.08909154
-74.4658772041, 19.4316085221, 1279.75406145
-73.8849861255, 19.107956632, 1280.41903137
-73.3026883833, 18.7868424302, 1281.08400129
-72.7189950636, 18.4682720303, 1281.74897121
-72.133917279, 18.1522514975, 1282.41394112
-71.5474661686, 17.8387868483, 1283.07891104
-70.9596528975, 17.5278840506, 1283.74388096
-70.370488657, 17.2195490236, 1284.40885088
-69.7799846638, 16.9137876376, 1285.07382079
-69.1881521603, 16.6106057137, 1285.73879071
-68.5950024141, 16.3100090241, 1286.40376063
-68.0005467179, 16.0120032919, 1287.06873055
-67.4047963894, 15.7165941904, 1287.73370046
-66.8077627707, 15.423787344, 1288.39867038
-66.2094572284, 15.1335883272, 1289.0636403
-65.6098911536, 14.8460026651, 1289.72861022
-65.009075961, 14.5610358328, 1290.39358013
-64.4070230893, 14.2786932556, 1291.05855005
-63.8037440007, 13.9989803091, 1291.72351997
-63.1992501808, 13.7219023184, 1292.38848989
-62.5935531383, 13.4474645589, 1293.0534598
-61.9866644048, 13.1756722553, 1293.71842972
-61.3785955345, 12.9065305822, 1294.38339964
-60.7693581042, 12.6400446637, 1295.04836956
-60.158963713, 12.3762195733, 1295.71333947
-59.5474239818, 12.1150603338, 1296.37830939
-58.9347505535, 11.8565719174, 1297.04327931
-58.3209550924, 11.6007592453, 1297.70824923
-57.7060492845, 11.3476271877, 1298.37321914
-57.0900448366, 11.097180564, 1299.03818906
-56.4729534765, 10.8494241423, 1299.70315898
-55.8547869528, 10.6043626395, 1300.3681289
-55.2355570344, 10.3620007213, 1301.03309881
-54.6152755107, 10.1223430018, 1301.69806873
-53.9939541909, 9.88539404385, 1302.36303865
-53.3716049039, 9.65115835854, 1303.02800857
-52.7482394986, 9.41964040541, 1303.69297848
-52.1238698428, 9.19084459223, 1304.3579484
-51.4985078237, 8.96477527493, 1305.02291832
-50.8721653472, 8.74143675755, 1305.68788824
-50.244854338, 8.52083329214, 1306.35285815
-49.6165867393, 8.30296907866, 1307.01782807
-48.9873745122, 8.08784826495, 1307.68279799
-48.3572296361, 7.87547494658, 1308.34776791
-47.7261641081, 7.66585316683, 1309.01273782
-47.0941899427, 7.45898691662, 1309.67770774
-46.4613191719, 7.25488013436, 1310.34267766
-45.8275638445, 7.05353670597, 1311.00764758
-45.1929360263, 6.85496046472, 1311.67261749
-44.5574477997, 6.65915519123, 1312.33758741
-43.9211112636, 6.46612461335, 1313.00255733
-43.2839385329, 6.27587240609, 1313.66752725
-42.6459417383, 6.08840219158, 1314.33249716
-42.0071330265, 5.903717539, 1314.99746708
-41.3675245594, 5.72182196446, 1315.662437
-40.7271285143, 5.54271893101, 1316.32740692
-40.0859570834, 5.36641184849, 1316.99237683
-39.4440224736, 5.19290407355, 1317.65734675
-38.8013369065, 5.02219890952, 1318.32231667
-38.1579126179, 4.85429960638, 1318.98728659
-37.5137618576, 4.68920936069, 1319.6522565
-36.8688968894, 4.52693131554, 1320.31722642
-36.2233299905, 4.36746856046, 1320.98219634
-35.5770734516, 4.21082413139, 1321.64716626
-34.9301395766, 4.05700101063, 1322.31213617
-34.282540682, 3.90600212673, 1322.97710609
-33.6342890973, 3.7578303545, 1323.64207601
-32.9853971642, 3.61248851492, 1324.30704593
-32.3358772366, 3.46997937509, 1324.97201584
-31.6857416806, 3.33030564817, 1325.63698576
-31.0350028738, 3.19346999335, 1326.30195568
-30.3836732052, 3.05947501579, 1326.9669256
-29.7317650753, 2.92832326655, 1327.63189551
-29.0792908954, 2.80001724258, 1328.29686543
-28.4262630877, 2.67455938663, 1328.96183535
-27.772694085, 2.55195208725, 1329.62680527
-27.1185963302, 2.43219767871, 1330.29177518
-26.4639822764, 2.31529844094, 1330.9567451
-25.8088643866, 2.20125659955, 1331.62171502
-25.1532551332, 2.09007432573, 1332.28668494
-24.497166998, 1.98175373622, 1332.95165485
-23.8406124721, 1.8762968933, 1333.61662477
-23.1836040553, 1.77370580471, 1334.28159469
-22.5261542562, 1.67398242364, 1334.94656461
-21.8682755915, 1.57712864868, 1335.61153452
-21.2099805863, 1.48314632378, 1336.27650444
-20.5512817737, 1.39203723824, 1336.94147436
-19.8921916943, 1.30380312663, 1337.60644428
-19.2327228963, 1.21844566881, 1338.27141419
-18.5728879349, 1.13596648986, 1338.93638411
-17.9126993726, 1.05636716007, 1339.60135403
-17.2521697782, 0.979649194888, 1340.26632395
-16.5913117274, 0.905814054919, 1340.93129386
-15.930137802, 0.834863145875, 1341.59626378
-15.2686605897, 0.766797818561, 1342.2612337
-14.6068926841, 0.701619368842, 1342.92620362
-13.9448466843, 0.639329037622, 1343.59117353
-13.2825351947, 0.579928010818, 1344.25614345
-12.6199708249, 0.523417419341, 1344.92111337
-11.9571661889, 0.469798339071, 1345.58608329
-11.2941339058, 0.419071790838, 1346.2510532
-10.6308865986, 0.371238740403, 1346.91602312
-9.96743689467, 0.326300098437, 1347.58099304
-9.30379742511, 0.284256720508, 1348.24596296
-8.63998082466, 0.24510940706, 1348.91093287
-7.97599973142, 0.208858903403, 1349.57590279
-7.31186678665, 0.175505899694, 1350.24087271
-6.64759463448, 0.145051030925, 1350.90584263
-5.98319592168, 0.117494876914, 1351.57081254
-5.31868329746, 0.0928379622899, 1352.23578246
-4.65406941318, 0.071080756485, 1352.90075238
-3.98936692212, 0.0522236737251, 1353.5657223
-3.32458847927, 0.0362670730219, 1354.23069221
-2.65974674104, 0.0232112581661, 1354.89566213
-1.99485436507, 0.0130564777214, 1355.56063205
-1.32992400995, 0.00580292502037, 1356.22560197
-0.664968334996, 0.00145073816013, 1356.89057188
0, 0, 1357.5555418
ENDTABLE
#DiagramOne1
ROAD_ZS_TABLE SPLINE
0, 0
0.000999999999976, 0
1, 0
2, 0
3, 0
4, 0
5, 0
6, 0
7, 0
8, 0
9, 0
10, 0
31.9389170302, 0
53.8778340604, 0
75.8167510906, 0
97.7556681208, 0
119.694585151, 0
141.633502181, 0
163.572419211, 0
185.511336242, 0
207.450253272, 0
229.389170302, 0
230.389170302, 0
231.389170302, 0
232.389170302, 0
233.389170302, 0
234.389170302, 0
235.389170302, 0
236.389170302, 0
237.389170302, 0
238.389170302, 0
239.389170302, 0
240.389170302, 0
241.389170302, 0
242.389170302, 0
243.389170302, 0
244.389170302, 0
245.389170302, 0
246.389170302, 0
247.389170302, 0
248.389170302, 0
249.389170302, 0
267.389170302, 0
285.389170302, 0
303.389170302, 0
321.389170302, 0
339.389170302, 0
357.389170302, 0
375.389170302, 0
393.389170302, 0
411.389170302, 0
429.389170302, 0
430.389170302, 0
431.389170302, 0
432.389170302, 0
433.389170302, 0
434.389170302, 0
435.389170302, 0
436.389170302, 0
437.389170302, 0
438.389170302, 0
439.389170302, 0
440.389170302, 0
441.389170302, 0
442.389170302, 0
443.389170302, 0
444.389170302, 0
445.389170302, 0
446.389170302, 0
447.389170302, 0
448.389170302, 0
449.389170302, 0
495.266890422, 0
541.144610541, 0
587.022330661, 0
632.900050781, 0
678.7777709, 0
724.65549102, 0
770.53321114, 0
816.410931259, 0
862.288651379, 0
908.166371499, 0
909.166371499, 0
910.166371499, 0
911.166371499, 0
912.166371499, 0
913.166371499, 0
914.166371499, 0
915.166371499, 0
916.166371499, 0
917.166371499, 0
918.166371499, 0
919.166371499, 0
920.166371499, 0
921.166371499, 0
922.166371499, 0
923.166371499, 0
924.166371499, 0
925.166371499, 0
926.166371499, 0
927.166371499, 0
928.166371499, 0
946.166371499, 0
964.166371499, 0
982.166371499, 0
1000.1663715, 0
1018.1663715, 0
1036.1663715, 0
1054.1663715, 0
1072.1663715, 0
1090.1663715, 0
1108.1663715, 0
1109.1663715, 0
1110.1663715, 0
1111.1663715, 0
1112.1663715, 0
1113.1663715, 0
1114.1663715, 0
1115.1663715, 0
1116.1663715, 0
1117.1663715, 0
1118.1663715, 0
1119.1663715, 0
1120.1663715, 0
1121.1663715, 0
1122.1663715, 0
1123.1663715, 0
1124.1663715, 0
1125.1663715, 0
1126.1663715, 0
1127.1663715, 0
1128.1663715, 0
1150.10528853, 0
1172.04420556, 0
1193.98312259, 0
1215.92203962, 0
1237.86095665, 0
1259.79987368, 0
1281.73879071, 0
1303.67770774, 0
1325.61662477, 0
1347.5555418, 0
1348.5555418, 0
1349.5555418, 0
1350.5555418, 0
1351.5555418, 0
1352.5555418, 0
1353.5555418, 0
1354.5555418, 0
1355.5555418, 0
1356.5555418, 0
1357.5545418, 0
1357.5555418, 0
ENDTABLE
*3D_DATA 4, 12 ! columns x rows
ROAD_DZ_CARPET
0, -2.000000, -1.000000, 1.000000, 2.000000
0.0, 0.0, 0.0, 0.0, 0.0
10.0, 0.0, 0.0, 0.0, 0.0
229.38917, 0.0, 0.0, 0.0, 0.0
249.38917, 0.0, 0.0, 0.0, 0.0
429.38917, 0.0, 0.0, 0.0, 0.0
449.38917, 0.0, 0.0, 0.0, 0.0
908.166371, 0.0, 0.0, 0.0, 0.0
928.166371, 0.0, 0.0, 0.0, 0.0
1108.166371, 0.0, 0.0, 0.0, 0.0
1128.166371, 0.0, 0.0, 0.0, 0.0
1347.555542, 0.0, 0.0, 0.0, 0.0
1357.555542, 0.0, 0.0, 0.0, 0.0
ENDTABLE

LOG_ENTRY Used Dataset: Road: Segment Builder; 500 ft Radius Circle (Loop) #2
#Library : Road: Segment Builder
#DataSet : 500 ft Radius Circle (Loop) #2
#Category: 
#FileID  : RdBuild103
#Product : CarSim 8.2.2, October 2013
#Last update: 02-25-2015 18:26
#VehCode Road segment builder

END
