PARSFILE
#FullDataName Road: Segment Builder`500 ft Radius Circle (Loop) #1`
SPATH 500
*NUM_ROWS 1
*TRANSX 0
*TRANSY 0
*TRANSZ 0

#MiscYellow0
# Left 360 deg 0 1/m 360 1218.0 860.0 10.0 0.0 Rel 0.0 Rel 0.0 10 0.8 0.8
#ENDMYellow

#CheckBox0 1    
OPT_ROAD_LOOP 1
#CheckBox1 1    
#CheckBox2 1    
#CheckBox3 1    
#CheckBox4 0    
#CheckBox5 1    


#RingCtrl0 0
OPT_ROAD 1

#DiagramOne0
YIN_TABLE
0, 0, 500
1, 0, 501
2, 0, 502
3, 0, 503
4, 0, 504
5, 0, 505
6, 0, 506
7, 0, 507
8, 0, 508
9, 0, 509
10, 0, 510
11, 0, 511
12, 0, 512
13, 0, 513
14, 0, 514
15, 0, 515
16, 0, 516
17, 0, 517
18, 0, 518
19, 0, 519
20, 0, 520
21, 0, 521
22, 0, 522
23, 0, 523
24, 0, 524
25, 0, 525
26, 0, 526
27, 0, 527
28, 0, 528
29, 0, 529
30, 0, 530
31, 0, 531
32, 0, 532
33, 0, 533
34, 0, 534
35, 0, 535
36, 0, 536
37, 0, 537
38, 0, 538
39, 0, 539
40, 0, 540
41, 0, 541
42, 0, 542
43, 0, 543
44, 0, 544
45, 0, 545
46, 0, 546
47, 0, 547
48, 0, 548
49, 0, 549
50, 0, 550
51, 0, 551
52, 0, 552
53, 0, 553
54, 0, 554
55, 0, 555
56, 0, 556
57, 0, 557
58, 0, 558
59, 0, 559
60, 0, 560
61, 0, 561
62, 0, 562
63, 0, 563
64, 0, 564
65, 0, 565
66, 0, 566
67, 0, 567
68, 0, 568
69, 0, 569
70, 0, 570
71, 0, 571
72, 0, 572
73, 0, 573
74, 0, 574
75, 0, 575
76, 0, 576
77, 0, 577
78, 0, 578
79, 0, 579
80, 0, 580
81, 0, 581
82, 0, 582
83, 0, 583
84, 0, 584
85, 0, 585
86, 0, 586
87, 0, 587
88, 0, 588
89, 0, 589
90, 0, 590
91, 0, 591
92, 0, 592
93, 0, 593
94, 0, 594
95, 0, 595
96, 0, 596
97, 0, 597
98, 0, 598
99, 0, 599
100, 0, 600
101, 0, 601
102, 0, 602
103, 0, 603
104, 0, 604
105, 0, 605
106, 0, 606
107, 0, 607
108, 0, 608
109, 0, 609
110, 0, 610
111, 0, 611
112, 0, 612
113, 0, 613
114, 0, 614
115, 0, 615
116, 0, 616
117, 0, 617
118, 0, 618
119, 0, 619
120, 0, 620
121, 0, 621
122, 0, 622
123, 0, 623
124, 0, 624
125, 0, 625
126, 0, 626
127, 0, 627
128, 0, 628
129, 0, 629
130, 0, 630
131, 0, 631
132, 0, 632
133, 0, 633
134, 0, 634
135, 0, 635
136, 0, 636
137, 0, 637
138, 0, 638
139, 0, 639
140, 0, 640
141, 0, 641
142, 0, 642
143, 0, 643
144, 0, 644
145, 0, 645
146, 0, 646
147, 0, 647
148, 0, 648
149, 0, 649
150, 0, 650
151, 0, 651
152, 0, 652
153, 0, 653
154, 0, 654
155, 0, 655
156, 0, 656
157, 0, 657
158, 0, 658
159, 0, 659
160, 0, 660
161, 0, 661
162, 0, 662
163, 0, 663
164, 0, 664
165, 0, 665
166, 0, 666
167, 0, 667
168, 0, 668
169, 0, 669
170, 0, 670
171, 0, 671
172, 0, 672
173, 0, 673
174, 0, 674
175, 0, 675
176, 0, 676
177, 0, 677
178, 0, 678
179, 0, 679
180, 0, 680
181, 0, 681
182, 0, 682
183, 0, 683
184, 0, 684
185, 0, 685
186, 0, 686
187, 0, 687
188, 0, 688
189, 0, 689
190, 0, 690
191, 0, 691
192, 0, 692
193, 0, 693
194, 0, 694
195, 0, 695
196, 0, 696
197, 0, 697
198, 0, 698
199, 0, 699
200, 0, 700
201, 0, 701
202, 0, 702
203, 0, 703
204, 0, 704
205, 0, 705
206, 0, 706
207, 0, 707
208, 0, 708
209, 0, 709
210, 0, 710
211, 0, 711
212, 0, 712
213, 0, 713
214, 0, 714
215, 0, 715
216, 0, 716
217, 0, 717
218, 0, 718
219, 0, 719
220, 0, 720
221, 0, 721
222, 0, 722
223, 0, 723
224, 0, 724
225, 0, 725
226, 0, 726
227, 0, 727
228, 0, 728
229, 0, 729
230, 0, 730
231, 0, 731
232, 0, 732
233, 0, 733
234, 0, 734
235, 0, 735
236, 0, 736
237, 0, 737
238, 0, 738
239, 0, 739
240, 0, 740
241, 0, 741
242, 0, 742
243, 0, 743
244, 0, 744
245, 0, 745
246, 0, 746
247, 0, 747
248, 0, 748
249, 0, 749
250, 0, 750
251, 0, 751
252, 0, 752
253, 0, 753
254, 0, 754
255, 0, 755
256, 0, 756
257, 0, 757
258, 0, 758
259, 0, 759
260, 0, 760
261, 0, 761
262, 0, 762
263, 0, 763
264, 0, 764
265, 0, 765
266, 0, 766
267, 0, 767
268, 0, 768
269, 0, 769
270, 0, 770
271, 0, 771
272, 0, 772
273, 0, 773
274, 0, 774
275, 0, 775
276, 0, 776
277, 0, 777
278, 0, 778
279, 0, 779
280, 0, 780
281, 0, 781
282, 0, 782
283, 0, 783
284, 0, 784
285, 0, 785
286, 0, 786
287, 0, 787
288, 0, 788
289, 0, 789
290, 0, 790
291, 0, 791
292, 0, 792
293, 0, 793
294, 0, 794
295, 0, 795
296, 0, 796
297, 0, 797
298, 0, 798
299, 0, 799
300, 0, 800
301, 0, 801
302, 0, 802
303, 0, 803
304, 0, 804
305, 0, 805
306, 0, 806
307, 0, 807
308, 0, 808
309, 0, 809
310, 0, 810
311, 0, 811
312, 0, 812
313, 0, 813
314, 0, 814
315, 0, 815
316, 0, 816
317, 0, 817
318, 0, 818
319, 0, 819
320, 0, 820
321, 0, 821
322, 0, 822
323, 0, 823
324, 0, 824
325, 0, 825
326, 0, 826
327, 0, 827
328, 0, 828
329, 0, 829
330, 0, 830
331, 0, 831
332, 0, 832
333, 0, 833
334, 0, 834
335, 0, 835
336, 0, 836
337, 0, 837
338, 0, 838
339, 0, 839
340, 0, 840
341, 0, 841
342, 0, 842
343, 0, 843
344, 0, 844
345, 0, 845
346, 0, 846
347, 0, 847
348, 0, 848
349, 0, 849
350, 0, 850
351, 0, 851
352, 0, 852
353, 0, 853
354, 0, 854
355, 0, 855
356, 0, 856
357, 0, 857
358, 0, 858
359, 0, 859
0, 0, 1218
ENDTABLE
#DiagramOne1
ROAD_ZS_TABLE SPLINE
500, 0
500.001, 0
501, 0
502, 0
503, 0
504, 0
505, 0
506, 0
507, 0
508, 0
509, 0
510, 0
579.8, 0
649.6, 0
719.4, 0
789.2, 0
859, 0
928.8, 0
998.6, 0
1068.4, 0
1138.2, 0
1208, 0
1209, 0
1210, 0
1211, 0
1212, 0
1213, 0
1214, 0
1215, 0
1216, 0
1217, 0
1217.999, 0
1218, 0
ENDTABLE
*3D_DATA 4, 4 ! columns x rows
ROAD_DZ_CARPET
0, -2.000000, -1.000000, 1.000000, 2.000000
0.0, 0.0, 0.0, 0.0, 0.0
510.0, 0.0, 0.0, 0.0, 0.0
1208.0, 0.0, 0.0, 0.0, 0.0
1218.0, 0.0, 0.0, 0.0, 0.0
ENDTABLE

LOG_ENTRY Used Dataset: Road: Segment Builder; 500 ft Radius Circle (Loop) #1
#Library : Road: Segment Builder
#DataSet : 500 ft Radius Circle (Loop) #1
#Category: 
#FileID  : RdBuild102
#Product : CarSim 8.2.2, October 2013
#Last update: 02-23-2015 16:14
#VehCode Road segment builder

END
