PARSFILE
#FullDataName Tire: Aligning Moment`215/55 R17`Touring Tires
#RadioCtrl0 0    

*3D_XLabel Vertical load (N)
*3D_YLabel Slip angle [Alpha] (deg)
*3D_ZLabel Aligning moment (N-m)

#DiagramTwo0
*3D_DATA 8, 51 ! columns x rows
MZ_TIRE_CARPET
0, 1593.58, 3187.16, 4780.74, 6374.32, 7967.9, 9561.48, 11155.06, 12748.65
0.5, 34.35, 66.71, 96.57, 123.59, 147.51, 168.17, 185.43, 199.2
1, 53.27, 104.31, 152.55, 197.56, 238.93, 276.26, 309.15, 337.21
1.5, 52.85, 104.57, 155.01, 203.99, 251.22, 296.35, 338.9, 378.28
2, 43.71, 87.21, 130.71, 174.32, 218.05, 261.82, 305.41, 348.47
2.5, 33.99, 68.22, 103.04, 138.74, 175.5, 213.49, 252.76, 293.29
3, 26.04, 52.49, 79.75, 108.15, 137.96, 169.45, 202.83, 238.31
3.5, 19.92, 40.32, 61.58, 84.03, 107.95, 133.65, 161.42, 191.56
4, 15.25, 30.98, 47.57, 65.31, 84.49, 105.41, 128.37, 153.71
4.5, 11.62, 23.73, 36.66, 50.69, 66.08, 83.13, 102.12, 123.39
5, 8.75, 17.99, 28.02, 39.09, 51.45, 65.35, 81.09, 98.98
5.5, 6.45, 13.39, 21.07, 29.75, 39.63, 50.98, 64.04, 79.12
6, 4.57, 9.61, 15.38, 22.09, 29.95, 39.18, 50.02, 62.76
6.5, 3.01, 6.48, 10.66, 15.73, 21.9, 29.36, 38.34, 49.11
7, 1.7, 3.85, 6.68, 10.38, 15.11, 21.09, 28.5, 37.59
7.5, 0.58, 1.6, 3.29, 5.81, 9.33, 14.03, 20.1, 27.76
8, -0.39, -0.33, 0.37, 1.88, 4.36, 7.96, 12.87, 19.3
8.5, -1.23, -2.01, -2.17, -1.53, 0.03, 2.68, 6.58, 11.94
9, -1.96, -3.49, -4.39, -4.53, -3.76, -1.95, 1.07, 5.49
9.5, -2.61, -4.79, -6.35, -7.17, -7.11, -6.03, -3.79, -0.21
10, -3.19, -5.94, -8.1, -9.52, -10.09, -9.67, -8.12, -5.27
10.5, -3.71, -6.98, -9.66, -11.63, -12.75, -12.91, -11.98, -9.8
11, -4.17, -7.91, -11.07, -13.52, -15.15, -15.84, -15.46, -13.87
11.5, -4.59, -8.76, -12.34, -15.23, -17.31, -18.48, -18.6, -17.54
12, -4.97, -9.52, -13.5, -16.78, -19.28, -20.87, -21.45, -20.88
12.5, -5.32, -10.22, -14.55, -18.2, -21.07, -23.06, -24.05, -23.92
13, -5.64, -10.86, -15.51, -19.5, -22.72, -25.06, -26.43, -26.71
13.5, -5.94, -11.45, -16.4, -20.69, -24.23, -26.9, -28.62, -29.26
14, -6.21, -11.99, -17.22, -21.79, -25.62, -28.6, -30.64, -31.62
14.5, -6.46, -12.49, -17.98, -22.81, -26.9, -30.16, -32.5, -33.8
15, -6.69, -12.96, -18.68, -23.75, -28.1, -31.62, -34.23, -35.82
15.5, -6.91, -13.39, -19.33, -24.63, -29.21, -32.97, -35.83, -37.69
16, -7.11, -13.79, -19.94, -25.45, -30.24, -34.23, -37.33, -39.44
16.5, -7.3, -14.17, -20.51, -26.21, -31.21, -35.41, -38.73, -41.08
17, -7.47, -14.53, -21.04, -26.93, -32.11, -36.51, -40.04, -42.6
17.5, -7.64, -14.86, -21.54, -27.6, -32.96, -37.54, -41.26, -44.04
18, -7.79, -15.17, -22.01, -28.23, -33.76, -38.51, -42.42, -45.38
18.5, -7.94, -15.46, -22.45, -28.83, -34.51, -39.43, -43.5, -46.65
19, -8.08, -15.74, -22.87, -29.39, -35.22, -40.29, -44.53, -47.85
19.5, -8.21, -16, -23.27, -29.92, -35.89, -41.11, -45.5, -48.98
20, -8.33, -16.25, -23.64, -30.42, -36.52, -41.88, -46.41, -50.05
20.5, -8.45, -16.49, -23.99, -30.9, -37.12, -42.61, -47.28, -51.06
21, -8.56, -16.71, -24.33, -31.35, -37.7, -43.3, -48.1, -52.02
21.5, -8.67, -16.92, -24.65, -31.78, -38.24, -43.96, -48.89, -52.93
22, -8.77, -17.12, -24.95, -32.19, -38.75, -44.59, -49.63, -53.8
22.5, -8.87, -17.32, -25.24, -32.58, -39.24, -45.19, -50.34, -54.63
23, -8.96, -17.5, -25.52, -32.95, -39.71, -45.76, -51.01, -55.42
23.5, -9.04, -17.67, -25.78, -33.3, -40.16, -46.3, -51.66, -56.17
24, -9.13, -17.84, -26.04, -33.64, -40.59, -46.82, -52.28, -56.89
24.5, -9.21, -18, -26.28, -33.96, -41, -47.32, -52.87, -57.58
25, -9.29, -18.16, -26.51, -34.27, -41.39, -47.8, -53.43, -58.23
26, -9.29, -18.16, -26.51, -34.27, -41.39, -47.8, -53.43, -58.23
ENDTABLE


LOG_ENTRY Used Dataset: Tire: Aligning Moment; { Touring Tires } 215/55 R17
#Library : Tire: Aligning Moment
#DataSet : 215/55 R17
#Category: Touring Tires
#FileID  : TireMz101
#Product : CarSim 8.2.2, October 2013
#Last update: 02-11-2015 18:36
#VehCode Tire: Mz

END
